Global_conventional_gasoline_price_per_mmbtu,Conventional_gasoline_co2_per_mmbtu,Syn_gasoline_co2_per_mmbtu,Bio_gasoline_co2_per_mmbtu,Time_Index,Load_mmbtu_z1,Load_mmbtu_z2,Load_mmbtu_z3,Load_mmbtu_z4,Load_mmbtu_z5,Load_mmbtu_z6,Load_mmbtu_z7,Load_mmbtu_z8,Load_mmbtu_z9
25.58,0.0707,0.0707,0.0707,1,68442,28490,41099,53376,91156,54018,148367,93102,53331
,,,,2,68442,28490,41099,53376,91156,54018,148367,93102,53331
,,,,3,68442,28490,41099,53376,91156,54018,148367,93102,53331
,,,,4,68442,28490,41099,53376,91156,54018,148367,93102,53331
,,,,5,68442,28490,41099,53376,91156,54018,148367,93102,53331
,,,,6,68442,28490,41099,53376,91156,54018,148367,93102,53331
,,,,7,68442,28490,41099,53376,91156,54018,148367,93102,53331
,,,,8,68442,28490,41099,53376,91156,54018,148367,93102,53331
,,,,9,68442,28490,41099,53376,91156,54018,148367,93102,53331
,,,,10,68442,28490,41099,53376,91156,54018,148367,93102,53331
,,,,11,68442,28490,41099,53376,91156,54018,148367,93102,53331
,,,,12,68442,28490,41099,53376,91156,54018,148367,93102,53331
,,,,13,68442,28490,41099,53376,91156,54018,148367,93102,53331
,,,,14,68442,28490,41099,53376,91156,54018,148367,93102,53331
,,,,15,68442,28490,41099,53376,91156,54018,148367,93102,53331
,,,,16,68442,28490,41099,53376,91156,54018,148367,93102,53331
,,,,17,68442,28490,41099,53376,91156,54018,148367,93102,53331
,,,,18,68442,28490,41099,53376,91156,54018,148367,93102,53331
,,,,19,68442,28490,41099,53376,91156,54018,148367,93102,53331
,,,,20,68442,28490,41099,53376,91156,54018,148367,93102,53331
,,,,21,68442,28490,41099,53376,91156,54018,148367,93102,53331
,,,,22,68442,28490,41099,53376,91156,54018,148367,93102,53331
,,,,23,68442,28490,41099,53376,91156,54018,148367,93102,53331
,,,,24,68442,28490,41099,53376,91156,54018,148367,93102,53331
,,,,25,68442,28490,41099,53376,91156,54018,148367,93102,53331
,,,,26,68442,28490,41099,53376,91156,54018,148367,93102,53331
,,,,27,68442,28490,41099,53376,91156,54018,148367,93102,53331
,,,,28,68442,28490,41099,53376,91156,54018,148367,93102,53331
,,,,29,68442,28490,41099,53376,91156,54018,148367,93102,53331
,,,,30,68442,28490,41099,53376,91156,54018,148367,93102,53331
,,,,31,68442,28490,41099,53376,91156,54018,148367,93102,53331
,,,,32,68442,28490,41099,53376,91156,54018,148367,93102,53331
,,,,33,68442,28490,41099,53376,91156,54018,148367,93102,53331
,,,,34,68442,28490,41099,53376,91156,54018,148367,93102,53331
,,,,35,68442,28490,41099,53376,91156,54018,148367,93102,53331
,,,,36,68442,28490,41099,53376,91156,54018,148367,93102,53331
,,,,37,68442,28490,41099,53376,91156,54018,148367,93102,53331
,,,,38,68442,28490,41099,53376,91156,54018,148367,93102,53331
,,,,39,68442,28490,41099,53376,91156,54018,148367,93102,53331
,,,,40,68442,28490,41099,53376,91156,54018,148367,93102,53331
,,,,41,68442,28490,41099,53376,91156,54018,148367,93102,53331
,,,,42,68442,28490,41099,53376,91156,54018,148367,93102,53331
,,,,43,68442,28490,41099,53376,91156,54018,148367,93102,53331
,,,,44,68442,28490,41099,53376,91156,54018,148367,93102,53331
,,,,45,68442,28490,41099,53376,91156,54018,148367,93102,53331
,,,,46,68442,28490,41099,53376,91156,54018,148367,93102,53331
,,,,47,68442,28490,41099,53376,91156,54018,148367,93102,53331
,,,,48,68442,28490,41099,53376,91156,54018,148367,93102,53331
,,,,49,68442,28490,41099,53376,91156,54018,148367,93102,53331
,,,,50,68442,28490,41099,53376,91156,54018,148367,93102,53331
,,,,51,68442,28490,41099,53376,91156,54018,148367,93102,53331
,,,,52,68442,28490,41099,53376,91156,54018,148367,93102,53331
,,,,53,68442,28490,41099,53376,91156,54018,148367,93102,53331
,,,,54,68442,28490,41099,53376,91156,54018,148367,93102,53331
,,,,55,68442,28490,41099,53376,91156,54018,148367,93102,53331
,,,,56,68442,28490,41099,53376,91156,54018,148367,93102,53331
,,,,57,68442,28490,41099,53376,91156,54018,148367,93102,53331
,,,,58,68442,28490,41099,53376,91156,54018,148367,93102,53331
,,,,59,68442,28490,41099,53376,91156,54018,148367,93102,53331
,,,,60,68442,28490,41099,53376,91156,54018,148367,93102,53331
,,,,61,68442,28490,41099,53376,91156,54018,148367,93102,53331
,,,,62,68442,28490,41099,53376,91156,54018,148367,93102,53331
,,,,63,68442,28490,41099,53376,91156,54018,148367,93102,53331
,,,,64,68442,28490,41099,53376,91156,54018,148367,93102,53331
,,,,65,68442,28490,41099,53376,91156,54018,148367,93102,53331
,,,,66,68442,28490,41099,53376,91156,54018,148367,93102,53331
,,,,67,68442,28490,41099,53376,91156,54018,148367,93102,53331
,,,,68,68442,28490,41099,53376,91156,54018,148367,93102,53331
,,,,69,68442,28490,41099,53376,91156,54018,148367,93102,53331
,,,,70,68442,28490,41099,53376,91156,54018,148367,93102,53331
,,,,71,68442,28490,41099,53376,91156,54018,148367,93102,53331
,,,,72,68442,28490,41099,53376,91156,54018,148367,93102,53331
,,,,73,68442,28490,41099,53376,91156,54018,148367,93102,53331
,,,,74,68442,28490,41099,53376,91156,54018,148367,93102,53331
,,,,75,68442,28490,41099,53376,91156,54018,148367,93102,53331
,,,,76,68442,28490,41099,53376,91156,54018,148367,93102,53331
,,,,77,68442,28490,41099,53376,91156,54018,148367,93102,53331
,,,,78,68442,28490,41099,53376,91156,54018,148367,93102,53331
,,,,79,68442,28490,41099,53376,91156,54018,148367,93102,53331
,,,,80,68442,28490,41099,53376,91156,54018,148367,93102,53331
,,,,81,68442,28490,41099,53376,91156,54018,148367,93102,53331
,,,,82,68442,28490,41099,53376,91156,54018,148367,93102,53331
,,,,83,68442,28490,41099,53376,91156,54018,148367,93102,53331
,,,,84,68442,28490,41099,53376,91156,54018,148367,93102,53331
,,,,85,68442,28490,41099,53376,91156,54018,148367,93102,53331
,,,,86,68442,28490,41099,53376,91156,54018,148367,93102,53331
,,,,87,68442,28490,41099,53376,91156,54018,148367,93102,53331
,,,,88,68442,28490,41099,53376,91156,54018,148367,93102,53331
,,,,89,68442,28490,41099,53376,91156,54018,148367,93102,53331
,,,,90,68442,28490,41099,53376,91156,54018,148367,93102,53331
,,,,91,68442,28490,41099,53376,91156,54018,148367,93102,53331
,,,,92,68442,28490,41099,53376,91156,54018,148367,93102,53331
,,,,93,68442,28490,41099,53376,91156,54018,148367,93102,53331
,,,,94,68442,28490,41099,53376,91156,54018,148367,93102,53331
,,,,95,68442,28490,41099,53376,91156,54018,148367,93102,53331
,,,,96,68442,28490,41099,53376,91156,54018,148367,93102,53331
,,,,97,68442,28490,41099,53376,91156,54018,148367,93102,53331
,,,,98,68442,28490,41099,53376,91156,54018,148367,93102,53331
,,,,99,68442,28490,41099,53376,91156,54018,148367,93102,53331
,,,,100,68442,28490,41099,53376,91156,54018,148367,93102,53331
,,,,101,68442,28490,41099,53376,91156,54018,148367,93102,53331
,,,,102,68442,28490,41099,53376,91156,54018,148367,93102,53331
,,,,103,68442,28490,41099,53376,91156,54018,148367,93102,53331
,,,,104,68442,28490,41099,53376,91156,54018,148367,93102,53331
,,,,105,68442,28490,41099,53376,91156,54018,148367,93102,53331
,,,,106,68442,28490,41099,53376,91156,54018,148367,93102,53331
,,,,107,68442,28490,41099,53376,91156,54018,148367,93102,53331
,,,,108,68442,28490,41099,53376,91156,54018,148367,93102,53331
,,,,109,68442,28490,41099,53376,91156,54018,148367,93102,53331
,,,,110,68442,28490,41099,53376,91156,54018,148367,93102,53331
,,,,111,68442,28490,41099,53376,91156,54018,148367,93102,53331
,,,,112,68442,28490,41099,53376,91156,54018,148367,93102,53331
,,,,113,68442,28490,41099,53376,91156,54018,148367,93102,53331
,,,,114,68442,28490,41099,53376,91156,54018,148367,93102,53331
,,,,115,68442,28490,41099,53376,91156,54018,148367,93102,53331
,,,,116,68442,28490,41099,53376,91156,54018,148367,93102,53331
,,,,117,68442,28490,41099,53376,91156,54018,148367,93102,53331
,,,,118,68442,28490,41099,53376,91156,54018,148367,93102,53331
,,,,119,68442,28490,41099,53376,91156,54018,148367,93102,53331
,,,,120,68442,28490,41099,53376,91156,54018,148367,93102,53331
,,,,121,68442,28490,41099,53376,91156,54018,148367,93102,53331
,,,,122,68442,28490,41099,53376,91156,54018,148367,93102,53331
,,,,123,68442,28490,41099,53376,91156,54018,148367,93102,53331
,,,,124,68442,28490,41099,53376,91156,54018,148367,93102,53331
,,,,125,68442,28490,41099,53376,91156,54018,148367,93102,53331
,,,,126,68442,28490,41099,53376,91156,54018,148367,93102,53331
,,,,127,68442,28490,41099,53376,91156,54018,148367,93102,53331
,,,,128,68442,28490,41099,53376,91156,54018,148367,93102,53331
,,,,129,68442,28490,41099,53376,91156,54018,148367,93102,53331
,,,,130,68442,28490,41099,53376,91156,54018,148367,93102,53331
,,,,131,68442,28490,41099,53376,91156,54018,148367,93102,53331
,,,,132,68442,28490,41099,53376,91156,54018,148367,93102,53331
,,,,133,68442,28490,41099,53376,91156,54018,148367,93102,53331
,,,,134,68442,28490,41099,53376,91156,54018,148367,93102,53331
,,,,135,68442,28490,41099,53376,91156,54018,148367,93102,53331
,,,,136,68442,28490,41099,53376,91156,54018,148367,93102,53331
,,,,137,68442,28490,41099,53376,91156,54018,148367,93102,53331
,,,,138,68442,28490,41099,53376,91156,54018,148367,93102,53331
,,,,139,68442,28490,41099,53376,91156,54018,148367,93102,53331
,,,,140,68442,28490,41099,53376,91156,54018,148367,93102,53331
,,,,141,68442,28490,41099,53376,91156,54018,148367,93102,53331
,,,,142,68442,28490,41099,53376,91156,54018,148367,93102,53331
,,,,143,68442,28490,41099,53376,91156,54018,148367,93102,53331
,,,,144,68442,28490,41099,53376,91156,54018,148367,93102,53331
,,,,145,68442,28490,41099,53376,91156,54018,148367,93102,53331
,,,,146,68442,28490,41099,53376,91156,54018,148367,93102,53331
,,,,147,68442,28490,41099,53376,91156,54018,148367,93102,53331
,,,,148,68442,28490,41099,53376,91156,54018,148367,93102,53331
,,,,149,68442,28490,41099,53376,91156,54018,148367,93102,53331
,,,,150,68442,28490,41099,53376,91156,54018,148367,93102,53331
,,,,151,68442,28490,41099,53376,91156,54018,148367,93102,53331
,,,,152,68442,28490,41099,53376,91156,54018,148367,93102,53331
,,,,153,68442,28490,41099,53376,91156,54018,148367,93102,53331
,,,,154,68442,28490,41099,53376,91156,54018,148367,93102,53331
,,,,155,68442,28490,41099,53376,91156,54018,148367,93102,53331
,,,,156,68442,28490,41099,53376,91156,54018,148367,93102,53331
,,,,157,68442,28490,41099,53376,91156,54018,148367,93102,53331
,,,,158,68442,28490,41099,53376,91156,54018,148367,93102,53331
,,,,159,68442,28490,41099,53376,91156,54018,148367,93102,53331
,,,,160,68442,28490,41099,53376,91156,54018,148367,93102,53331
,,,,161,68442,28490,41099,53376,91156,54018,148367,93102,53331
,,,,162,68442,28490,41099,53376,91156,54018,148367,93102,53331
,,,,163,68442,28490,41099,53376,91156,54018,148367,93102,53331
,,,,164,68442,28490,41099,53376,91156,54018,148367,93102,53331
,,,,165,68442,28490,41099,53376,91156,54018,148367,93102,53331
,,,,166,68442,28490,41099,53376,91156,54018,148367,93102,53331
,,,,167,68442,28490,41099,53376,91156,54018,148367,93102,53331
,,,,168,68442,28490,41099,53376,91156,54018,148367,93102,53331
,,,,169,68442,28490,41099,53376,91156,54018,148367,93102,53331
,,,,170,68442,28490,41099,53376,91156,54018,148367,93102,53331
,,,,171,68442,28490,41099,53376,91156,54018,148367,93102,53331
,,,,172,68442,28490,41099,53376,91156,54018,148367,93102,53331
,,,,173,68442,28490,41099,53376,91156,54018,148367,93102,53331
,,,,174,68442,28490,41099,53376,91156,54018,148367,93102,53331
,,,,175,68442,28490,41099,53376,91156,54018,148367,93102,53331
,,,,176,68442,28490,41099,53376,91156,54018,148367,93102,53331
,,,,177,68442,28490,41099,53376,91156,54018,148367,93102,53331
,,,,178,68442,28490,41099,53376,91156,54018,148367,93102,53331
,,,,179,68442,28490,41099,53376,91156,54018,148367,93102,53331
,,,,180,68442,28490,41099,53376,91156,54018,148367,93102,53331
,,,,181,68442,28490,41099,53376,91156,54018,148367,93102,53331
,,,,182,68442,28490,41099,53376,91156,54018,148367,93102,53331
,,,,183,68442,28490,41099,53376,91156,54018,148367,93102,53331
,,,,184,68442,28490,41099,53376,91156,54018,148367,93102,53331
,,,,185,68442,28490,41099,53376,91156,54018,148367,93102,53331
,,,,186,68442,28490,41099,53376,91156,54018,148367,93102,53331
,,,,187,68442,28490,41099,53376,91156,54018,148367,93102,53331
,,,,188,68442,28490,41099,53376,91156,54018,148367,93102,53331
,,,,189,68442,28490,41099,53376,91156,54018,148367,93102,53331
,,,,190,68442,28490,41099,53376,91156,54018,148367,93102,53331
,,,,191,68442,28490,41099,53376,91156,54018,148367,93102,53331
,,,,192,68442,28490,41099,53376,91156,54018,148367,93102,53331
,,,,193,68442,28490,41099,53376,91156,54018,148367,93102,53331
,,,,194,68442,28490,41099,53376,91156,54018,148367,93102,53331
,,,,195,68442,28490,41099,53376,91156,54018,148367,93102,53331
,,,,196,68442,28490,41099,53376,91156,54018,148367,93102,53331
,,,,197,68442,28490,41099,53376,91156,54018,148367,93102,53331
,,,,198,68442,28490,41099,53376,91156,54018,148367,93102,53331
,,,,199,68442,28490,41099,53376,91156,54018,148367,93102,53331
,,,,200,68442,28490,41099,53376,91156,54018,148367,93102,53331
,,,,201,68442,28490,41099,53376,91156,54018,148367,93102,53331
,,,,202,68442,28490,41099,53376,91156,54018,148367,93102,53331
,,,,203,68442,28490,41099,53376,91156,54018,148367,93102,53331
,,,,204,68442,28490,41099,53376,91156,54018,148367,93102,53331
,,,,205,68442,28490,41099,53376,91156,54018,148367,93102,53331
,,,,206,68442,28490,41099,53376,91156,54018,148367,93102,53331
,,,,207,68442,28490,41099,53376,91156,54018,148367,93102,53331
,,,,208,68442,28490,41099,53376,91156,54018,148367,93102,53331
,,,,209,68442,28490,41099,53376,91156,54018,148367,93102,53331
,,,,210,68442,28490,41099,53376,91156,54018,148367,93102,53331
,,,,211,68442,28490,41099,53376,91156,54018,148367,93102,53331
,,,,212,68442,28490,41099,53376,91156,54018,148367,93102,53331
,,,,213,68442,28490,41099,53376,91156,54018,148367,93102,53331
,,,,214,68442,28490,41099,53376,91156,54018,148367,93102,53331
,,,,215,68442,28490,41099,53376,91156,54018,148367,93102,53331
,,,,216,68442,28490,41099,53376,91156,54018,148367,93102,53331
,,,,217,68442,28490,41099,53376,91156,54018,148367,93102,53331
,,,,218,68442,28490,41099,53376,91156,54018,148367,93102,53331
,,,,219,68442,28490,41099,53376,91156,54018,148367,93102,53331
,,,,220,68442,28490,41099,53376,91156,54018,148367,93102,53331
,,,,221,68442,28490,41099,53376,91156,54018,148367,93102,53331
,,,,222,68442,28490,41099,53376,91156,54018,148367,93102,53331
,,,,223,68442,28490,41099,53376,91156,54018,148367,93102,53331
,,,,224,68442,28490,41099,53376,91156,54018,148367,93102,53331
,,,,225,68442,28490,41099,53376,91156,54018,148367,93102,53331
,,,,226,68442,28490,41099,53376,91156,54018,148367,93102,53331
,,,,227,68442,28490,41099,53376,91156,54018,148367,93102,53331
,,,,228,68442,28490,41099,53376,91156,54018,148367,93102,53331
,,,,229,68442,28490,41099,53376,91156,54018,148367,93102,53331
,,,,230,68442,28490,41099,53376,91156,54018,148367,93102,53331
,,,,231,68442,28490,41099,53376,91156,54018,148367,93102,53331
,,,,232,68442,28490,41099,53376,91156,54018,148367,93102,53331
,,,,233,68442,28490,41099,53376,91156,54018,148367,93102,53331
,,,,234,68442,28490,41099,53376,91156,54018,148367,93102,53331
,,,,235,68442,28490,41099,53376,91156,54018,148367,93102,53331
,,,,236,68442,28490,41099,53376,91156,54018,148367,93102,53331
,,,,237,68442,28490,41099,53376,91156,54018,148367,93102,53331
,,,,238,68442,28490,41099,53376,91156,54018,148367,93102,53331
,,,,239,68442,28490,41099,53376,91156,54018,148367,93102,53331
,,,,240,68442,28490,41099,53376,91156,54018,148367,93102,53331
,,,,241,68442,28490,41099,53376,91156,54018,148367,93102,53331
,,,,242,68442,28490,41099,53376,91156,54018,148367,93102,53331
,,,,243,68442,28490,41099,53376,91156,54018,148367,93102,53331
,,,,244,68442,28490,41099,53376,91156,54018,148367,93102,53331
,,,,245,68442,28490,41099,53376,91156,54018,148367,93102,53331
,,,,246,68442,28490,41099,53376,91156,54018,148367,93102,53331
,,,,247,68442,28490,41099,53376,91156,54018,148367,93102,53331
,,,,248,68442,28490,41099,53376,91156,54018,148367,93102,53331
,,,,249,68442,28490,41099,53376,91156,54018,148367,93102,53331
,,,,250,68442,28490,41099,53376,91156,54018,148367,93102,53331
,,,,251,68442,28490,41099,53376,91156,54018,148367,93102,53331
,,,,252,68442,28490,41099,53376,91156,54018,148367,93102,53331
,,,,253,68442,28490,41099,53376,91156,54018,148367,93102,53331
,,,,254,68442,28490,41099,53376,91156,54018,148367,93102,53331
,,,,255,68442,28490,41099,53376,91156,54018,148367,93102,53331
,,,,256,68442,28490,41099,53376,91156,54018,148367,93102,53331
,,,,257,68442,28490,41099,53376,91156,54018,148367,93102,53331
,,,,258,68442,28490,41099,53376,91156,54018,148367,93102,53331
,,,,259,68442,28490,41099,53376,91156,54018,148367,93102,53331
,,,,260,68442,28490,41099,53376,91156,54018,148367,93102,53331
,,,,261,68442,28490,41099,53376,91156,54018,148367,93102,53331
,,,,262,68442,28490,41099,53376,91156,54018,148367,93102,53331
,,,,263,68442,28490,41099,53376,91156,54018,148367,93102,53331
,,,,264,68442,28490,41099,53376,91156,54018,148367,93102,53331
,,,,265,68442,28490,41099,53376,91156,54018,148367,93102,53331
,,,,266,68442,28490,41099,53376,91156,54018,148367,93102,53331
,,,,267,68442,28490,41099,53376,91156,54018,148367,93102,53331
,,,,268,68442,28490,41099,53376,91156,54018,148367,93102,53331
,,,,269,68442,28490,41099,53376,91156,54018,148367,93102,53331
,,,,270,68442,28490,41099,53376,91156,54018,148367,93102,53331
,,,,271,68442,28490,41099,53376,91156,54018,148367,93102,53331
,,,,272,68442,28490,41099,53376,91156,54018,148367,93102,53331
,,,,273,68442,28490,41099,53376,91156,54018,148367,93102,53331
,,,,274,68442,28490,41099,53376,91156,54018,148367,93102,53331
,,,,275,68442,28490,41099,53376,91156,54018,148367,93102,53331
,,,,276,68442,28490,41099,53376,91156,54018,148367,93102,53331
,,,,277,68442,28490,41099,53376,91156,54018,148367,93102,53331
,,,,278,68442,28490,41099,53376,91156,54018,148367,93102,53331
,,,,279,68442,28490,41099,53376,91156,54018,148367,93102,53331
,,,,280,68442,28490,41099,53376,91156,54018,148367,93102,53331
,,,,281,68442,28490,41099,53376,91156,54018,148367,93102,53331
,,,,282,68442,28490,41099,53376,91156,54018,148367,93102,53331
,,,,283,68442,28490,41099,53376,91156,54018,148367,93102,53331
,,,,284,68442,28490,41099,53376,91156,54018,148367,93102,53331
,,,,285,68442,28490,41099,53376,91156,54018,148367,93102,53331
,,,,286,68442,28490,41099,53376,91156,54018,148367,93102,53331
,,,,287,68442,28490,41099,53376,91156,54018,148367,93102,53331
,,,,288,68442,28490,41099,53376,91156,54018,148367,93102,53331
,,,,289,68442,28490,41099,53376,91156,54018,148367,93102,53331
,,,,290,68442,28490,41099,53376,91156,54018,148367,93102,53331
,,,,291,68442,28490,41099,53376,91156,54018,148367,93102,53331
,,,,292,68442,28490,41099,53376,91156,54018,148367,93102,53331
,,,,293,68442,28490,41099,53376,91156,54018,148367,93102,53331
,,,,294,68442,28490,41099,53376,91156,54018,148367,93102,53331
,,,,295,68442,28490,41099,53376,91156,54018,148367,93102,53331
,,,,296,68442,28490,41099,53376,91156,54018,148367,93102,53331
,,,,297,68442,28490,41099,53376,91156,54018,148367,93102,53331
,,,,298,68442,28490,41099,53376,91156,54018,148367,93102,53331
,,,,299,68442,28490,41099,53376,91156,54018,148367,93102,53331
,,,,300,68442,28490,41099,53376,91156,54018,148367,93102,53331
,,,,301,68442,28490,41099,53376,91156,54018,148367,93102,53331
,,,,302,68442,28490,41099,53376,91156,54018,148367,93102,53331
,,,,303,68442,28490,41099,53376,91156,54018,148367,93102,53331
,,,,304,68442,28490,41099,53376,91156,54018,148367,93102,53331
,,,,305,68442,28490,41099,53376,91156,54018,148367,93102,53331
,,,,306,68442,28490,41099,53376,91156,54018,148367,93102,53331
,,,,307,68442,28490,41099,53376,91156,54018,148367,93102,53331
,,,,308,68442,28490,41099,53376,91156,54018,148367,93102,53331
,,,,309,68442,28490,41099,53376,91156,54018,148367,93102,53331
,,,,310,68442,28490,41099,53376,91156,54018,148367,93102,53331
,,,,311,68442,28490,41099,53376,91156,54018,148367,93102,53331
,,,,312,68442,28490,41099,53376,91156,54018,148367,93102,53331
,,,,313,68442,28490,41099,53376,91156,54018,148367,93102,53331
,,,,314,68442,28490,41099,53376,91156,54018,148367,93102,53331
,,,,315,68442,28490,41099,53376,91156,54018,148367,93102,53331
,,,,316,68442,28490,41099,53376,91156,54018,148367,93102,53331
,,,,317,68442,28490,41099,53376,91156,54018,148367,93102,53331
,,,,318,68442,28490,41099,53376,91156,54018,148367,93102,53331
,,,,319,68442,28490,41099,53376,91156,54018,148367,93102,53331
,,,,320,68442,28490,41099,53376,91156,54018,148367,93102,53331
,,,,321,68442,28490,41099,53376,91156,54018,148367,93102,53331
,,,,322,68442,28490,41099,53376,91156,54018,148367,93102,53331
,,,,323,68442,28490,41099,53376,91156,54018,148367,93102,53331
,,,,324,68442,28490,41099,53376,91156,54018,148367,93102,53331
,,,,325,68442,28490,41099,53376,91156,54018,148367,93102,53331
,,,,326,68442,28490,41099,53376,91156,54018,148367,93102,53331
,,,,327,68442,28490,41099,53376,91156,54018,148367,93102,53331
,,,,328,68442,28490,41099,53376,91156,54018,148367,93102,53331
,,,,329,68442,28490,41099,53376,91156,54018,148367,93102,53331
,,,,330,68442,28490,41099,53376,91156,54018,148367,93102,53331
,,,,331,68442,28490,41099,53376,91156,54018,148367,93102,53331
,,,,332,68442,28490,41099,53376,91156,54018,148367,93102,53331
,,,,333,68442,28490,41099,53376,91156,54018,148367,93102,53331
,,,,334,68442,28490,41099,53376,91156,54018,148367,93102,53331
,,,,335,68442,28490,41099,53376,91156,54018,148367,93102,53331
,,,,336,68442,28490,41099,53376,91156,54018,148367,93102,53331
,,,,337,68442,28490,41099,53376,91156,54018,148367,93102,53331
,,,,338,68442,28490,41099,53376,91156,54018,148367,93102,53331
,,,,339,68442,28490,41099,53376,91156,54018,148367,93102,53331
,,,,340,68442,28490,41099,53376,91156,54018,148367,93102,53331
,,,,341,68442,28490,41099,53376,91156,54018,148367,93102,53331
,,,,342,68442,28490,41099,53376,91156,54018,148367,93102,53331
,,,,343,68442,28490,41099,53376,91156,54018,148367,93102,53331
,,,,344,68442,28490,41099,53376,91156,54018,148367,93102,53331
,,,,345,68442,28490,41099,53376,91156,54018,148367,93102,53331
,,,,346,68442,28490,41099,53376,91156,54018,148367,93102,53331
,,,,347,68442,28490,41099,53376,91156,54018,148367,93102,53331
,,,,348,68442,28490,41099,53376,91156,54018,148367,93102,53331
,,,,349,68442,28490,41099,53376,91156,54018,148367,93102,53331
,,,,350,68442,28490,41099,53376,91156,54018,148367,93102,53331
,,,,351,68442,28490,41099,53376,91156,54018,148367,93102,53331
,,,,352,68442,28490,41099,53376,91156,54018,148367,93102,53331
,,,,353,68442,28490,41099,53376,91156,54018,148367,93102,53331
,,,,354,68442,28490,41099,53376,91156,54018,148367,93102,53331
,,,,355,68442,28490,41099,53376,91156,54018,148367,93102,53331
,,,,356,68442,28490,41099,53376,91156,54018,148367,93102,53331
,,,,357,68442,28490,41099,53376,91156,54018,148367,93102,53331
,,,,358,68442,28490,41099,53376,91156,54018,148367,93102,53331
,,,,359,68442,28490,41099,53376,91156,54018,148367,93102,53331
,,,,360,68442,28490,41099,53376,91156,54018,148367,93102,53331
,,,,361,68442,28490,41099,53376,91156,54018,148367,93102,53331
,,,,362,68442,28490,41099,53376,91156,54018,148367,93102,53331
,,,,363,68442,28490,41099,53376,91156,54018,148367,93102,53331
,,,,364,68442,28490,41099,53376,91156,54018,148367,93102,53331
,,,,365,68442,28490,41099,53376,91156,54018,148367,93102,53331
,,,,366,68442,28490,41099,53376,91156,54018,148367,93102,53331
,,,,367,68442,28490,41099,53376,91156,54018,148367,93102,53331
,,,,368,68442,28490,41099,53376,91156,54018,148367,93102,53331
,,,,369,68442,28490,41099,53376,91156,54018,148367,93102,53331
,,,,370,68442,28490,41099,53376,91156,54018,148367,93102,53331
,,,,371,68442,28490,41099,53376,91156,54018,148367,93102,53331
,,,,372,68442,28490,41099,53376,91156,54018,148367,93102,53331
,,,,373,68442,28490,41099,53376,91156,54018,148367,93102,53331
,,,,374,68442,28490,41099,53376,91156,54018,148367,93102,53331
,,,,375,68442,28490,41099,53376,91156,54018,148367,93102,53331
,,,,376,68442,28490,41099,53376,91156,54018,148367,93102,53331
,,,,377,68442,28490,41099,53376,91156,54018,148367,93102,53331
,,,,378,68442,28490,41099,53376,91156,54018,148367,93102,53331
,,,,379,68442,28490,41099,53376,91156,54018,148367,93102,53331
,,,,380,68442,28490,41099,53376,91156,54018,148367,93102,53331
,,,,381,68442,28490,41099,53376,91156,54018,148367,93102,53331
,,,,382,68442,28490,41099,53376,91156,54018,148367,93102,53331
,,,,383,68442,28490,41099,53376,91156,54018,148367,93102,53331
,,,,384,68442,28490,41099,53376,91156,54018,148367,93102,53331
,,,,385,68442,28490,41099,53376,91156,54018,148367,93102,53331
,,,,386,68442,28490,41099,53376,91156,54018,148367,93102,53331
,,,,387,68442,28490,41099,53376,91156,54018,148367,93102,53331
,,,,388,68442,28490,41099,53376,91156,54018,148367,93102,53331
,,,,389,68442,28490,41099,53376,91156,54018,148367,93102,53331
,,,,390,68442,28490,41099,53376,91156,54018,148367,93102,53331
,,,,391,68442,28490,41099,53376,91156,54018,148367,93102,53331
,,,,392,68442,28490,41099,53376,91156,54018,148367,93102,53331
,,,,393,68442,28490,41099,53376,91156,54018,148367,93102,53331
,,,,394,68442,28490,41099,53376,91156,54018,148367,93102,53331
,,,,395,68442,28490,41099,53376,91156,54018,148367,93102,53331
,,,,396,68442,28490,41099,53376,91156,54018,148367,93102,53331
,,,,397,68442,28490,41099,53376,91156,54018,148367,93102,53331
,,,,398,68442,28490,41099,53376,91156,54018,148367,93102,53331
,,,,399,68442,28490,41099,53376,91156,54018,148367,93102,53331
,,,,400,68442,28490,41099,53376,91156,54018,148367,93102,53331
,,,,401,68442,28490,41099,53376,91156,54018,148367,93102,53331
,,,,402,68442,28490,41099,53376,91156,54018,148367,93102,53331
,,,,403,68442,28490,41099,53376,91156,54018,148367,93102,53331
,,,,404,68442,28490,41099,53376,91156,54018,148367,93102,53331
,,,,405,68442,28490,41099,53376,91156,54018,148367,93102,53331
,,,,406,68442,28490,41099,53376,91156,54018,148367,93102,53331
,,,,407,68442,28490,41099,53376,91156,54018,148367,93102,53331
,,,,408,68442,28490,41099,53376,91156,54018,148367,93102,53331
,,,,409,68442,28490,41099,53376,91156,54018,148367,93102,53331
,,,,410,68442,28490,41099,53376,91156,54018,148367,93102,53331
,,,,411,68442,28490,41099,53376,91156,54018,148367,93102,53331
,,,,412,68442,28490,41099,53376,91156,54018,148367,93102,53331
,,,,413,68442,28490,41099,53376,91156,54018,148367,93102,53331
,,,,414,68442,28490,41099,53376,91156,54018,148367,93102,53331
,,,,415,68442,28490,41099,53376,91156,54018,148367,93102,53331
,,,,416,68442,28490,41099,53376,91156,54018,148367,93102,53331
,,,,417,68442,28490,41099,53376,91156,54018,148367,93102,53331
,,,,418,68442,28490,41099,53376,91156,54018,148367,93102,53331
,,,,419,68442,28490,41099,53376,91156,54018,148367,93102,53331
,,,,420,68442,28490,41099,53376,91156,54018,148367,93102,53331
,,,,421,68442,28490,41099,53376,91156,54018,148367,93102,53331
,,,,422,68442,28490,41099,53376,91156,54018,148367,93102,53331
,,,,423,68442,28490,41099,53376,91156,54018,148367,93102,53331
,,,,424,68442,28490,41099,53376,91156,54018,148367,93102,53331
,,,,425,68442,28490,41099,53376,91156,54018,148367,93102,53331
,,,,426,68442,28490,41099,53376,91156,54018,148367,93102,53331
,,,,427,68442,28490,41099,53376,91156,54018,148367,93102,53331
,,,,428,68442,28490,41099,53376,91156,54018,148367,93102,53331
,,,,429,68442,28490,41099,53376,91156,54018,148367,93102,53331
,,,,430,68442,28490,41099,53376,91156,54018,148367,93102,53331
,,,,431,68442,28490,41099,53376,91156,54018,148367,93102,53331
,,,,432,68442,28490,41099,53376,91156,54018,148367,93102,53331
,,,,433,68442,28490,41099,53376,91156,54018,148367,93102,53331
,,,,434,68442,28490,41099,53376,91156,54018,148367,93102,53331
,,,,435,68442,28490,41099,53376,91156,54018,148367,93102,53331
,,,,436,68442,28490,41099,53376,91156,54018,148367,93102,53331
,,,,437,68442,28490,41099,53376,91156,54018,148367,93102,53331
,,,,438,68442,28490,41099,53376,91156,54018,148367,93102,53331
,,,,439,68442,28490,41099,53376,91156,54018,148367,93102,53331
,,,,440,68442,28490,41099,53376,91156,54018,148367,93102,53331
,,,,441,68442,28490,41099,53376,91156,54018,148367,93102,53331
,,,,442,68442,28490,41099,53376,91156,54018,148367,93102,53331
,,,,443,68442,28490,41099,53376,91156,54018,148367,93102,53331
,,,,444,68442,28490,41099,53376,91156,54018,148367,93102,53331
,,,,445,68442,28490,41099,53376,91156,54018,148367,93102,53331
,,,,446,68442,28490,41099,53376,91156,54018,148367,93102,53331
,,,,447,68442,28490,41099,53376,91156,54018,148367,93102,53331
,,,,448,68442,28490,41099,53376,91156,54018,148367,93102,53331
,,,,449,68442,28490,41099,53376,91156,54018,148367,93102,53331
,,,,450,68442,28490,41099,53376,91156,54018,148367,93102,53331
,,,,451,68442,28490,41099,53376,91156,54018,148367,93102,53331
,,,,452,68442,28490,41099,53376,91156,54018,148367,93102,53331
,,,,453,68442,28490,41099,53376,91156,54018,148367,93102,53331
,,,,454,68442,28490,41099,53376,91156,54018,148367,93102,53331
,,,,455,68442,28490,41099,53376,91156,54018,148367,93102,53331
,,,,456,68442,28490,41099,53376,91156,54018,148367,93102,53331
,,,,457,68442,28490,41099,53376,91156,54018,148367,93102,53331
,,,,458,68442,28490,41099,53376,91156,54018,148367,93102,53331
,,,,459,68442,28490,41099,53376,91156,54018,148367,93102,53331
,,,,460,68442,28490,41099,53376,91156,54018,148367,93102,53331
,,,,461,68442,28490,41099,53376,91156,54018,148367,93102,53331
,,,,462,68442,28490,41099,53376,91156,54018,148367,93102,53331
,,,,463,68442,28490,41099,53376,91156,54018,148367,93102,53331
,,,,464,68442,28490,41099,53376,91156,54018,148367,93102,53331
,,,,465,68442,28490,41099,53376,91156,54018,148367,93102,53331
,,,,466,68442,28490,41099,53376,91156,54018,148367,93102,53331
,,,,467,68442,28490,41099,53376,91156,54018,148367,93102,53331
,,,,468,68442,28490,41099,53376,91156,54018,148367,93102,53331
,,,,469,68442,28490,41099,53376,91156,54018,148367,93102,53331
,,,,470,68442,28490,41099,53376,91156,54018,148367,93102,53331
,,,,471,68442,28490,41099,53376,91156,54018,148367,93102,53331
,,,,472,68442,28490,41099,53376,91156,54018,148367,93102,53331
,,,,473,68442,28490,41099,53376,91156,54018,148367,93102,53331
,,,,474,68442,28490,41099,53376,91156,54018,148367,93102,53331
,,,,475,68442,28490,41099,53376,91156,54018,148367,93102,53331
,,,,476,68442,28490,41099,53376,91156,54018,148367,93102,53331
,,,,477,68442,28490,41099,53376,91156,54018,148367,93102,53331
,,,,478,68442,28490,41099,53376,91156,54018,148367,93102,53331
,,,,479,68442,28490,41099,53376,91156,54018,148367,93102,53331
,,,,480,68442,28490,41099,53376,91156,54018,148367,93102,53331
,,,,481,68442,28490,41099,53376,91156,54018,148367,93102,53331
,,,,482,68442,28490,41099,53376,91156,54018,148367,93102,53331
,,,,483,68442,28490,41099,53376,91156,54018,148367,93102,53331
,,,,484,68442,28490,41099,53376,91156,54018,148367,93102,53331
,,,,485,68442,28490,41099,53376,91156,54018,148367,93102,53331
,,,,486,68442,28490,41099,53376,91156,54018,148367,93102,53331
,,,,487,68442,28490,41099,53376,91156,54018,148367,93102,53331
,,,,488,68442,28490,41099,53376,91156,54018,148367,93102,53331
,,,,489,68442,28490,41099,53376,91156,54018,148367,93102,53331
,,,,490,68442,28490,41099,53376,91156,54018,148367,93102,53331
,,,,491,68442,28490,41099,53376,91156,54018,148367,93102,53331
,,,,492,68442,28490,41099,53376,91156,54018,148367,93102,53331
,,,,493,68442,28490,41099,53376,91156,54018,148367,93102,53331
,,,,494,68442,28490,41099,53376,91156,54018,148367,93102,53331
,,,,495,68442,28490,41099,53376,91156,54018,148367,93102,53331
,,,,496,68442,28490,41099,53376,91156,54018,148367,93102,53331
,,,,497,68442,28490,41099,53376,91156,54018,148367,93102,53331
,,,,498,68442,28490,41099,53376,91156,54018,148367,93102,53331
,,,,499,68442,28490,41099,53376,91156,54018,148367,93102,53331
,,,,500,68442,28490,41099,53376,91156,54018,148367,93102,53331
,,,,501,68442,28490,41099,53376,91156,54018,148367,93102,53331
,,,,502,68442,28490,41099,53376,91156,54018,148367,93102,53331
,,,,503,68442,28490,41099,53376,91156,54018,148367,93102,53331
,,,,504,68442,28490,41099,53376,91156,54018,148367,93102,53331
,,,,505,68442,28490,41099,53376,91156,54018,148367,93102,53331
,,,,506,68442,28490,41099,53376,91156,54018,148367,93102,53331
,,,,507,68442,28490,41099,53376,91156,54018,148367,93102,53331
,,,,508,68442,28490,41099,53376,91156,54018,148367,93102,53331
,,,,509,68442,28490,41099,53376,91156,54018,148367,93102,53331
,,,,510,68442,28490,41099,53376,91156,54018,148367,93102,53331
,,,,511,68442,28490,41099,53376,91156,54018,148367,93102,53331
,,,,512,68442,28490,41099,53376,91156,54018,148367,93102,53331
,,,,513,68442,28490,41099,53376,91156,54018,148367,93102,53331
,,,,514,68442,28490,41099,53376,91156,54018,148367,93102,53331
,,,,515,68442,28490,41099,53376,91156,54018,148367,93102,53331
,,,,516,68442,28490,41099,53376,91156,54018,148367,93102,53331
,,,,517,68442,28490,41099,53376,91156,54018,148367,93102,53331
,,,,518,68442,28490,41099,53376,91156,54018,148367,93102,53331
,,,,519,68442,28490,41099,53376,91156,54018,148367,93102,53331
,,,,520,68442,28490,41099,53376,91156,54018,148367,93102,53331
,,,,521,68442,28490,41099,53376,91156,54018,148367,93102,53331
,,,,522,68442,28490,41099,53376,91156,54018,148367,93102,53331
,,,,523,68442,28490,41099,53376,91156,54018,148367,93102,53331
,,,,524,68442,28490,41099,53376,91156,54018,148367,93102,53331
,,,,525,68442,28490,41099,53376,91156,54018,148367,93102,53331
,,,,526,68442,28490,41099,53376,91156,54018,148367,93102,53331
,,,,527,68442,28490,41099,53376,91156,54018,148367,93102,53331
,,,,528,68442,28490,41099,53376,91156,54018,148367,93102,53331
,,,,529,68442,28490,41099,53376,91156,54018,148367,93102,53331
,,,,530,68442,28490,41099,53376,91156,54018,148367,93102,53331
,,,,531,68442,28490,41099,53376,91156,54018,148367,93102,53331
,,,,532,68442,28490,41099,53376,91156,54018,148367,93102,53331
,,,,533,68442,28490,41099,53376,91156,54018,148367,93102,53331
,,,,534,68442,28490,41099,53376,91156,54018,148367,93102,53331
,,,,535,68442,28490,41099,53376,91156,54018,148367,93102,53331
,,,,536,68442,28490,41099,53376,91156,54018,148367,93102,53331
,,,,537,68442,28490,41099,53376,91156,54018,148367,93102,53331
,,,,538,68442,28490,41099,53376,91156,54018,148367,93102,53331
,,,,539,68442,28490,41099,53376,91156,54018,148367,93102,53331
,,,,540,68442,28490,41099,53376,91156,54018,148367,93102,53331
,,,,541,68442,28490,41099,53376,91156,54018,148367,93102,53331
,,,,542,68442,28490,41099,53376,91156,54018,148367,93102,53331
,,,,543,68442,28490,41099,53376,91156,54018,148367,93102,53331
,,,,544,68442,28490,41099,53376,91156,54018,148367,93102,53331
,,,,545,68442,28490,41099,53376,91156,54018,148367,93102,53331
,,,,546,68442,28490,41099,53376,91156,54018,148367,93102,53331
,,,,547,68442,28490,41099,53376,91156,54018,148367,93102,53331
,,,,548,68442,28490,41099,53376,91156,54018,148367,93102,53331
,,,,549,68442,28490,41099,53376,91156,54018,148367,93102,53331
,,,,550,68442,28490,41099,53376,91156,54018,148367,93102,53331
,,,,551,68442,28490,41099,53376,91156,54018,148367,93102,53331
,,,,552,68442,28490,41099,53376,91156,54018,148367,93102,53331
,,,,553,68442,28490,41099,53376,91156,54018,148367,93102,53331
,,,,554,68442,28490,41099,53376,91156,54018,148367,93102,53331
,,,,555,68442,28490,41099,53376,91156,54018,148367,93102,53331
,,,,556,68442,28490,41099,53376,91156,54018,148367,93102,53331
,,,,557,68442,28490,41099,53376,91156,54018,148367,93102,53331
,,,,558,68442,28490,41099,53376,91156,54018,148367,93102,53331
,,,,559,68442,28490,41099,53376,91156,54018,148367,93102,53331
,,,,560,68442,28490,41099,53376,91156,54018,148367,93102,53331
,,,,561,68442,28490,41099,53376,91156,54018,148367,93102,53331
,,,,562,68442,28490,41099,53376,91156,54018,148367,93102,53331
,,,,563,68442,28490,41099,53376,91156,54018,148367,93102,53331
,,,,564,68442,28490,41099,53376,91156,54018,148367,93102,53331
,,,,565,68442,28490,41099,53376,91156,54018,148367,93102,53331
,,,,566,68442,28490,41099,53376,91156,54018,148367,93102,53331
,,,,567,68442,28490,41099,53376,91156,54018,148367,93102,53331
,,,,568,68442,28490,41099,53376,91156,54018,148367,93102,53331
,,,,569,68442,28490,41099,53376,91156,54018,148367,93102,53331
,,,,570,68442,28490,41099,53376,91156,54018,148367,93102,53331
,,,,571,68442,28490,41099,53376,91156,54018,148367,93102,53331
,,,,572,68442,28490,41099,53376,91156,54018,148367,93102,53331
,,,,573,68442,28490,41099,53376,91156,54018,148367,93102,53331
,,,,574,68442,28490,41099,53376,91156,54018,148367,93102,53331
,,,,575,68442,28490,41099,53376,91156,54018,148367,93102,53331
,,,,576,68442,28490,41099,53376,91156,54018,148367,93102,53331
,,,,577,68442,28490,41099,53376,91156,54018,148367,93102,53331
,,,,578,68442,28490,41099,53376,91156,54018,148367,93102,53331
,,,,579,68442,28490,41099,53376,91156,54018,148367,93102,53331
,,,,580,68442,28490,41099,53376,91156,54018,148367,93102,53331
,,,,581,68442,28490,41099,53376,91156,54018,148367,93102,53331
,,,,582,68442,28490,41099,53376,91156,54018,148367,93102,53331
,,,,583,68442,28490,41099,53376,91156,54018,148367,93102,53331
,,,,584,68442,28490,41099,53376,91156,54018,148367,93102,53331
,,,,585,68442,28490,41099,53376,91156,54018,148367,93102,53331
,,,,586,68442,28490,41099,53376,91156,54018,148367,93102,53331
,,,,587,68442,28490,41099,53376,91156,54018,148367,93102,53331
,,,,588,68442,28490,41099,53376,91156,54018,148367,93102,53331
,,,,589,68442,28490,41099,53376,91156,54018,148367,93102,53331
,,,,590,68442,28490,41099,53376,91156,54018,148367,93102,53331
,,,,591,68442,28490,41099,53376,91156,54018,148367,93102,53331
,,,,592,68442,28490,41099,53376,91156,54018,148367,93102,53331
,,,,593,68442,28490,41099,53376,91156,54018,148367,93102,53331
,,,,594,68442,28490,41099,53376,91156,54018,148367,93102,53331
,,,,595,68442,28490,41099,53376,91156,54018,148367,93102,53331
,,,,596,68442,28490,41099,53376,91156,54018,148367,93102,53331
,,,,597,68442,28490,41099,53376,91156,54018,148367,93102,53331
,,,,598,68442,28490,41099,53376,91156,54018,148367,93102,53331
,,,,599,68442,28490,41099,53376,91156,54018,148367,93102,53331
,,,,600,68442,28490,41099,53376,91156,54018,148367,93102,53331
,,,,601,68442,28490,41099,53376,91156,54018,148367,93102,53331
,,,,602,68442,28490,41099,53376,91156,54018,148367,93102,53331
,,,,603,68442,28490,41099,53376,91156,54018,148367,93102,53331
,,,,604,68442,28490,41099,53376,91156,54018,148367,93102,53331
,,,,605,68442,28490,41099,53376,91156,54018,148367,93102,53331
,,,,606,68442,28490,41099,53376,91156,54018,148367,93102,53331
,,,,607,68442,28490,41099,53376,91156,54018,148367,93102,53331
,,,,608,68442,28490,41099,53376,91156,54018,148367,93102,53331
,,,,609,68442,28490,41099,53376,91156,54018,148367,93102,53331
,,,,610,68442,28490,41099,53376,91156,54018,148367,93102,53331
,,,,611,68442,28490,41099,53376,91156,54018,148367,93102,53331
,,,,612,68442,28490,41099,53376,91156,54018,148367,93102,53331
,,,,613,68442,28490,41099,53376,91156,54018,148367,93102,53331
,,,,614,68442,28490,41099,53376,91156,54018,148367,93102,53331
,,,,615,68442,28490,41099,53376,91156,54018,148367,93102,53331
,,,,616,68442,28490,41099,53376,91156,54018,148367,93102,53331
,,,,617,68442,28490,41099,53376,91156,54018,148367,93102,53331
,,,,618,68442,28490,41099,53376,91156,54018,148367,93102,53331
,,,,619,68442,28490,41099,53376,91156,54018,148367,93102,53331
,,,,620,68442,28490,41099,53376,91156,54018,148367,93102,53331
,,,,621,68442,28490,41099,53376,91156,54018,148367,93102,53331
,,,,622,68442,28490,41099,53376,91156,54018,148367,93102,53331
,,,,623,68442,28490,41099,53376,91156,54018,148367,93102,53331
,,,,624,68442,28490,41099,53376,91156,54018,148367,93102,53331
,,,,625,68442,28490,41099,53376,91156,54018,148367,93102,53331
,,,,626,68442,28490,41099,53376,91156,54018,148367,93102,53331
,,,,627,68442,28490,41099,53376,91156,54018,148367,93102,53331
,,,,628,68442,28490,41099,53376,91156,54018,148367,93102,53331
,,,,629,68442,28490,41099,53376,91156,54018,148367,93102,53331
,,,,630,68442,28490,41099,53376,91156,54018,148367,93102,53331
,,,,631,68442,28490,41099,53376,91156,54018,148367,93102,53331
,,,,632,68442,28490,41099,53376,91156,54018,148367,93102,53331
,,,,633,68442,28490,41099,53376,91156,54018,148367,93102,53331
,,,,634,68442,28490,41099,53376,91156,54018,148367,93102,53331
,,,,635,68442,28490,41099,53376,91156,54018,148367,93102,53331
,,,,636,68442,28490,41099,53376,91156,54018,148367,93102,53331
,,,,637,68442,28490,41099,53376,91156,54018,148367,93102,53331
,,,,638,68442,28490,41099,53376,91156,54018,148367,93102,53331
,,,,639,68442,28490,41099,53376,91156,54018,148367,93102,53331
,,,,640,68442,28490,41099,53376,91156,54018,148367,93102,53331
,,,,641,68442,28490,41099,53376,91156,54018,148367,93102,53331
,,,,642,68442,28490,41099,53376,91156,54018,148367,93102,53331
,,,,643,68442,28490,41099,53376,91156,54018,148367,93102,53331
,,,,644,68442,28490,41099,53376,91156,54018,148367,93102,53331
,,,,645,68442,28490,41099,53376,91156,54018,148367,93102,53331
,,,,646,68442,28490,41099,53376,91156,54018,148367,93102,53331
,,,,647,68442,28490,41099,53376,91156,54018,148367,93102,53331
,,,,648,68442,28490,41099,53376,91156,54018,148367,93102,53331
,,,,649,68442,28490,41099,53376,91156,54018,148367,93102,53331
,,,,650,68442,28490,41099,53376,91156,54018,148367,93102,53331
,,,,651,68442,28490,41099,53376,91156,54018,148367,93102,53331
,,,,652,68442,28490,41099,53376,91156,54018,148367,93102,53331
,,,,653,68442,28490,41099,53376,91156,54018,148367,93102,53331
,,,,654,68442,28490,41099,53376,91156,54018,148367,93102,53331
,,,,655,68442,28490,41099,53376,91156,54018,148367,93102,53331
,,,,656,68442,28490,41099,53376,91156,54018,148367,93102,53331
,,,,657,68442,28490,41099,53376,91156,54018,148367,93102,53331
,,,,658,68442,28490,41099,53376,91156,54018,148367,93102,53331
,,,,659,68442,28490,41099,53376,91156,54018,148367,93102,53331
,,,,660,68442,28490,41099,53376,91156,54018,148367,93102,53331
,,,,661,68442,28490,41099,53376,91156,54018,148367,93102,53331
,,,,662,68442,28490,41099,53376,91156,54018,148367,93102,53331
,,,,663,68442,28490,41099,53376,91156,54018,148367,93102,53331
,,,,664,68442,28490,41099,53376,91156,54018,148367,93102,53331
,,,,665,68442,28490,41099,53376,91156,54018,148367,93102,53331
,,,,666,68442,28490,41099,53376,91156,54018,148367,93102,53331
,,,,667,68442,28490,41099,53376,91156,54018,148367,93102,53331
,,,,668,68442,28490,41099,53376,91156,54018,148367,93102,53331
,,,,669,68442,28490,41099,53376,91156,54018,148367,93102,53331
,,,,670,68442,28490,41099,53376,91156,54018,148367,93102,53331
,,,,671,68442,28490,41099,53376,91156,54018,148367,93102,53331
,,,,672,68442,28490,41099,53376,91156,54018,148367,93102,53331
,,,,673,68442,28490,41099,53376,91156,54018,148367,93102,53331
,,,,674,68442,28490,41099,53376,91156,54018,148367,93102,53331
,,,,675,68442,28490,41099,53376,91156,54018,148367,93102,53331
,,,,676,68442,28490,41099,53376,91156,54018,148367,93102,53331
,,,,677,68442,28490,41099,53376,91156,54018,148367,93102,53331
,,,,678,68442,28490,41099,53376,91156,54018,148367,93102,53331
,,,,679,68442,28490,41099,53376,91156,54018,148367,93102,53331
,,,,680,68442,28490,41099,53376,91156,54018,148367,93102,53331
,,,,681,68442,28490,41099,53376,91156,54018,148367,93102,53331
,,,,682,68442,28490,41099,53376,91156,54018,148367,93102,53331
,,,,683,68442,28490,41099,53376,91156,54018,148367,93102,53331
,,,,684,68442,28490,41099,53376,91156,54018,148367,93102,53331
,,,,685,68442,28490,41099,53376,91156,54018,148367,93102,53331
,,,,686,68442,28490,41099,53376,91156,54018,148367,93102,53331
,,,,687,68442,28490,41099,53376,91156,54018,148367,93102,53331
,,,,688,68442,28490,41099,53376,91156,54018,148367,93102,53331
,,,,689,68442,28490,41099,53376,91156,54018,148367,93102,53331
,,,,690,68442,28490,41099,53376,91156,54018,148367,93102,53331
,,,,691,68442,28490,41099,53376,91156,54018,148367,93102,53331
,,,,692,68442,28490,41099,53376,91156,54018,148367,93102,53331
,,,,693,68442,28490,41099,53376,91156,54018,148367,93102,53331
,,,,694,68442,28490,41099,53376,91156,54018,148367,93102,53331
,,,,695,68442,28490,41099,53376,91156,54018,148367,93102,53331
,,,,696,68442,28490,41099,53376,91156,54018,148367,93102,53331
,,,,697,68442,28490,41099,53376,91156,54018,148367,93102,53331
,,,,698,68442,28490,41099,53376,91156,54018,148367,93102,53331
,,,,699,68442,28490,41099,53376,91156,54018,148367,93102,53331
,,,,700,68442,28490,41099,53376,91156,54018,148367,93102,53331
,,,,701,68442,28490,41099,53376,91156,54018,148367,93102,53331
,,,,702,68442,28490,41099,53376,91156,54018,148367,93102,53331
,,,,703,68442,28490,41099,53376,91156,54018,148367,93102,53331
,,,,704,68442,28490,41099,53376,91156,54018,148367,93102,53331
,,,,705,68442,28490,41099,53376,91156,54018,148367,93102,53331
,,,,706,68442,28490,41099,53376,91156,54018,148367,93102,53331
,,,,707,68442,28490,41099,53376,91156,54018,148367,93102,53331
,,,,708,68442,28490,41099,53376,91156,54018,148367,93102,53331
,,,,709,68442,28490,41099,53376,91156,54018,148367,93102,53331
,,,,710,68442,28490,41099,53376,91156,54018,148367,93102,53331
,,,,711,68442,28490,41099,53376,91156,54018,148367,93102,53331
,,,,712,68442,28490,41099,53376,91156,54018,148367,93102,53331
,,,,713,68442,28490,41099,53376,91156,54018,148367,93102,53331
,,,,714,68442,28490,41099,53376,91156,54018,148367,93102,53331
,,,,715,68442,28490,41099,53376,91156,54018,148367,93102,53331
,,,,716,68442,28490,41099,53376,91156,54018,148367,93102,53331
,,,,717,68442,28490,41099,53376,91156,54018,148367,93102,53331
,,,,718,68442,28490,41099,53376,91156,54018,148367,93102,53331
,,,,719,68442,28490,41099,53376,91156,54018,148367,93102,53331
,,,,720,68442,28490,41099,53376,91156,54018,148367,93102,53331
,,,,721,68442,28490,41099,53376,91156,54018,148367,93102,53331
,,,,722,68442,28490,41099,53376,91156,54018,148367,93102,53331
,,,,723,68442,28490,41099,53376,91156,54018,148367,93102,53331
,,,,724,68442,28490,41099,53376,91156,54018,148367,93102,53331
,,,,725,68442,28490,41099,53376,91156,54018,148367,93102,53331
,,,,726,68442,28490,41099,53376,91156,54018,148367,93102,53331
,,,,727,68442,28490,41099,53376,91156,54018,148367,93102,53331
,,,,728,68442,28490,41099,53376,91156,54018,148367,93102,53331
,,,,729,68442,28490,41099,53376,91156,54018,148367,93102,53331
,,,,730,68442,28490,41099,53376,91156,54018,148367,93102,53331
,,,,731,68442,28490,41099,53376,91156,54018,148367,93102,53331
,,,,732,68442,28490,41099,53376,91156,54018,148367,93102,53331
,,,,733,68442,28490,41099,53376,91156,54018,148367,93102,53331
,,,,734,68442,28490,41099,53376,91156,54018,148367,93102,53331
,,,,735,68442,28490,41099,53376,91156,54018,148367,93102,53331
,,,,736,68442,28490,41099,53376,91156,54018,148367,93102,53331
,,,,737,68442,28490,41099,53376,91156,54018,148367,93102,53331
,,,,738,68442,28490,41099,53376,91156,54018,148367,93102,53331
,,,,739,68442,28490,41099,53376,91156,54018,148367,93102,53331
,,,,740,68442,28490,41099,53376,91156,54018,148367,93102,53331
,,,,741,68442,28490,41099,53376,91156,54018,148367,93102,53331
,,,,742,68442,28490,41099,53376,91156,54018,148367,93102,53331
,,,,743,68442,28490,41099,53376,91156,54018,148367,93102,53331
,,,,744,68442,28490,41099,53376,91156,54018,148367,93102,53331
,,,,745,68442,28490,41099,53376,91156,54018,148367,93102,53331
,,,,746,68442,28490,41099,53376,91156,54018,148367,93102,53331
,,,,747,68442,28490,41099,53376,91156,54018,148367,93102,53331
,,,,748,68442,28490,41099,53376,91156,54018,148367,93102,53331
,,,,749,68442,28490,41099,53376,91156,54018,148367,93102,53331
,,,,750,68442,28490,41099,53376,91156,54018,148367,93102,53331
,,,,751,68442,28490,41099,53376,91156,54018,148367,93102,53331
,,,,752,68442,28490,41099,53376,91156,54018,148367,93102,53331
,,,,753,68442,28490,41099,53376,91156,54018,148367,93102,53331
,,,,754,68442,28490,41099,53376,91156,54018,148367,93102,53331
,,,,755,68442,28490,41099,53376,91156,54018,148367,93102,53331
,,,,756,68442,28490,41099,53376,91156,54018,148367,93102,53331
,,,,757,68442,28490,41099,53376,91156,54018,148367,93102,53331
,,,,758,68442,28490,41099,53376,91156,54018,148367,93102,53331
,,,,759,68442,28490,41099,53376,91156,54018,148367,93102,53331
,,,,760,68442,28490,41099,53376,91156,54018,148367,93102,53331
,,,,761,68442,28490,41099,53376,91156,54018,148367,93102,53331
,,,,762,68442,28490,41099,53376,91156,54018,148367,93102,53331
,,,,763,68442,28490,41099,53376,91156,54018,148367,93102,53331
,,,,764,68442,28490,41099,53376,91156,54018,148367,93102,53331
,,,,765,68442,28490,41099,53376,91156,54018,148367,93102,53331
,,,,766,68442,28490,41099,53376,91156,54018,148367,93102,53331
,,,,767,68442,28490,41099,53376,91156,54018,148367,93102,53331
,,,,768,68442,28490,41099,53376,91156,54018,148367,93102,53331
,,,,769,68442,28490,41099,53376,91156,54018,148367,93102,53331
,,,,770,68442,28490,41099,53376,91156,54018,148367,93102,53331
,,,,771,68442,28490,41099,53376,91156,54018,148367,93102,53331
,,,,772,68442,28490,41099,53376,91156,54018,148367,93102,53331
,,,,773,68442,28490,41099,53376,91156,54018,148367,93102,53331
,,,,774,68442,28490,41099,53376,91156,54018,148367,93102,53331
,,,,775,68442,28490,41099,53376,91156,54018,148367,93102,53331
,,,,776,68442,28490,41099,53376,91156,54018,148367,93102,53331
,,,,777,68442,28490,41099,53376,91156,54018,148367,93102,53331
,,,,778,68442,28490,41099,53376,91156,54018,148367,93102,53331
,,,,779,68442,28490,41099,53376,91156,54018,148367,93102,53331
,,,,780,68442,28490,41099,53376,91156,54018,148367,93102,53331
,,,,781,68442,28490,41099,53376,91156,54018,148367,93102,53331
,,,,782,68442,28490,41099,53376,91156,54018,148367,93102,53331
,,,,783,68442,28490,41099,53376,91156,54018,148367,93102,53331
,,,,784,68442,28490,41099,53376,91156,54018,148367,93102,53331
,,,,785,68442,28490,41099,53376,91156,54018,148367,93102,53331
,,,,786,68442,28490,41099,53376,91156,54018,148367,93102,53331
,,,,787,68442,28490,41099,53376,91156,54018,148367,93102,53331
,,,,788,68442,28490,41099,53376,91156,54018,148367,93102,53331
,,,,789,68442,28490,41099,53376,91156,54018,148367,93102,53331
,,,,790,68442,28490,41099,53376,91156,54018,148367,93102,53331
,,,,791,68442,28490,41099,53376,91156,54018,148367,93102,53331
,,,,792,68442,28490,41099,53376,91156,54018,148367,93102,53331
,,,,793,68442,28490,41099,53376,91156,54018,148367,93102,53331
,,,,794,68442,28490,41099,53376,91156,54018,148367,93102,53331
,,,,795,68442,28490,41099,53376,91156,54018,148367,93102,53331
,,,,796,68442,28490,41099,53376,91156,54018,148367,93102,53331
,,,,797,68442,28490,41099,53376,91156,54018,148367,93102,53331
,,,,798,68442,28490,41099,53376,91156,54018,148367,93102,53331
,,,,799,68442,28490,41099,53376,91156,54018,148367,93102,53331
,,,,800,68442,28490,41099,53376,91156,54018,148367,93102,53331
,,,,801,68442,28490,41099,53376,91156,54018,148367,93102,53331
,,,,802,68442,28490,41099,53376,91156,54018,148367,93102,53331
,,,,803,68442,28490,41099,53376,91156,54018,148367,93102,53331
,,,,804,68442,28490,41099,53376,91156,54018,148367,93102,53331
,,,,805,68442,28490,41099,53376,91156,54018,148367,93102,53331
,,,,806,68442,28490,41099,53376,91156,54018,148367,93102,53331
,,,,807,68442,28490,41099,53376,91156,54018,148367,93102,53331
,,,,808,68442,28490,41099,53376,91156,54018,148367,93102,53331
,,,,809,68442,28490,41099,53376,91156,54018,148367,93102,53331
,,,,810,68442,28490,41099,53376,91156,54018,148367,93102,53331
,,,,811,68442,28490,41099,53376,91156,54018,148367,93102,53331
,,,,812,68442,28490,41099,53376,91156,54018,148367,93102,53331
,,,,813,68442,28490,41099,53376,91156,54018,148367,93102,53331
,,,,814,68442,28490,41099,53376,91156,54018,148367,93102,53331
,,,,815,68442,28490,41099,53376,91156,54018,148367,93102,53331
,,,,816,68442,28490,41099,53376,91156,54018,148367,93102,53331
,,,,817,68442,28490,41099,53376,91156,54018,148367,93102,53331
,,,,818,68442,28490,41099,53376,91156,54018,148367,93102,53331
,,,,819,68442,28490,41099,53376,91156,54018,148367,93102,53331
,,,,820,68442,28490,41099,53376,91156,54018,148367,93102,53331
,,,,821,68442,28490,41099,53376,91156,54018,148367,93102,53331
,,,,822,68442,28490,41099,53376,91156,54018,148367,93102,53331
,,,,823,68442,28490,41099,53376,91156,54018,148367,93102,53331
,,,,824,68442,28490,41099,53376,91156,54018,148367,93102,53331
,,,,825,68442,28490,41099,53376,91156,54018,148367,93102,53331
,,,,826,68442,28490,41099,53376,91156,54018,148367,93102,53331
,,,,827,68442,28490,41099,53376,91156,54018,148367,93102,53331
,,,,828,68442,28490,41099,53376,91156,54018,148367,93102,53331
,,,,829,68442,28490,41099,53376,91156,54018,148367,93102,53331
,,,,830,68442,28490,41099,53376,91156,54018,148367,93102,53331
,,,,831,68442,28490,41099,53376,91156,54018,148367,93102,53331
,,,,832,68442,28490,41099,53376,91156,54018,148367,93102,53331
,,,,833,68442,28490,41099,53376,91156,54018,148367,93102,53331
,,,,834,68442,28490,41099,53376,91156,54018,148367,93102,53331
,,,,835,68442,28490,41099,53376,91156,54018,148367,93102,53331
,,,,836,68442,28490,41099,53376,91156,54018,148367,93102,53331
,,,,837,68442,28490,41099,53376,91156,54018,148367,93102,53331
,,,,838,68442,28490,41099,53376,91156,54018,148367,93102,53331
,,,,839,68442,28490,41099,53376,91156,54018,148367,93102,53331
,,,,840,68442,28490,41099,53376,91156,54018,148367,93102,53331
,,,,841,68442,28490,41099,53376,91156,54018,148367,93102,53331
,,,,842,68442,28490,41099,53376,91156,54018,148367,93102,53331
,,,,843,68442,28490,41099,53376,91156,54018,148367,93102,53331
,,,,844,68442,28490,41099,53376,91156,54018,148367,93102,53331
,,,,845,68442,28490,41099,53376,91156,54018,148367,93102,53331
,,,,846,68442,28490,41099,53376,91156,54018,148367,93102,53331
,,,,847,68442,28490,41099,53376,91156,54018,148367,93102,53331
,,,,848,68442,28490,41099,53376,91156,54018,148367,93102,53331
,,,,849,68442,28490,41099,53376,91156,54018,148367,93102,53331
,,,,850,68442,28490,41099,53376,91156,54018,148367,93102,53331
,,,,851,68442,28490,41099,53376,91156,54018,148367,93102,53331
,,,,852,68442,28490,41099,53376,91156,54018,148367,93102,53331
,,,,853,68442,28490,41099,53376,91156,54018,148367,93102,53331
,,,,854,68442,28490,41099,53376,91156,54018,148367,93102,53331
,,,,855,68442,28490,41099,53376,91156,54018,148367,93102,53331
,,,,856,68442,28490,41099,53376,91156,54018,148367,93102,53331
,,,,857,68442,28490,41099,53376,91156,54018,148367,93102,53331
,,,,858,68442,28490,41099,53376,91156,54018,148367,93102,53331
,,,,859,68442,28490,41099,53376,91156,54018,148367,93102,53331
,,,,860,68442,28490,41099,53376,91156,54018,148367,93102,53331
,,,,861,68442,28490,41099,53376,91156,54018,148367,93102,53331
,,,,862,68442,28490,41099,53376,91156,54018,148367,93102,53331
,,,,863,68442,28490,41099,53376,91156,54018,148367,93102,53331
,,,,864,68442,28490,41099,53376,91156,54018,148367,93102,53331
,,,,865,68442,28490,41099,53376,91156,54018,148367,93102,53331
,,,,866,68442,28490,41099,53376,91156,54018,148367,93102,53331
,,,,867,68442,28490,41099,53376,91156,54018,148367,93102,53331
,,,,868,68442,28490,41099,53376,91156,54018,148367,93102,53331
,,,,869,68442,28490,41099,53376,91156,54018,148367,93102,53331
,,,,870,68442,28490,41099,53376,91156,54018,148367,93102,53331
,,,,871,68442,28490,41099,53376,91156,54018,148367,93102,53331
,,,,872,68442,28490,41099,53376,91156,54018,148367,93102,53331
,,,,873,68442,28490,41099,53376,91156,54018,148367,93102,53331
,,,,874,68442,28490,41099,53376,91156,54018,148367,93102,53331
,,,,875,68442,28490,41099,53376,91156,54018,148367,93102,53331
,,,,876,68442,28490,41099,53376,91156,54018,148367,93102,53331
,,,,877,68442,28490,41099,53376,91156,54018,148367,93102,53331
,,,,878,68442,28490,41099,53376,91156,54018,148367,93102,53331
,,,,879,68442,28490,41099,53376,91156,54018,148367,93102,53331
,,,,880,68442,28490,41099,53376,91156,54018,148367,93102,53331
,,,,881,68442,28490,41099,53376,91156,54018,148367,93102,53331
,,,,882,68442,28490,41099,53376,91156,54018,148367,93102,53331
,,,,883,68442,28490,41099,53376,91156,54018,148367,93102,53331
,,,,884,68442,28490,41099,53376,91156,54018,148367,93102,53331
,,,,885,68442,28490,41099,53376,91156,54018,148367,93102,53331
,,,,886,68442,28490,41099,53376,91156,54018,148367,93102,53331
,,,,887,68442,28490,41099,53376,91156,54018,148367,93102,53331
,,,,888,68442,28490,41099,53376,91156,54018,148367,93102,53331
,,,,889,68442,28490,41099,53376,91156,54018,148367,93102,53331
,,,,890,68442,28490,41099,53376,91156,54018,148367,93102,53331
,,,,891,68442,28490,41099,53376,91156,54018,148367,93102,53331
,,,,892,68442,28490,41099,53376,91156,54018,148367,93102,53331
,,,,893,68442,28490,41099,53376,91156,54018,148367,93102,53331
,,,,894,68442,28490,41099,53376,91156,54018,148367,93102,53331
,,,,895,68442,28490,41099,53376,91156,54018,148367,93102,53331
,,,,896,68442,28490,41099,53376,91156,54018,148367,93102,53331
,,,,897,68442,28490,41099,53376,91156,54018,148367,93102,53331
,,,,898,68442,28490,41099,53376,91156,54018,148367,93102,53331
,,,,899,68442,28490,41099,53376,91156,54018,148367,93102,53331
,,,,900,68442,28490,41099,53376,91156,54018,148367,93102,53331
,,,,901,68442,28490,41099,53376,91156,54018,148367,93102,53331
,,,,902,68442,28490,41099,53376,91156,54018,148367,93102,53331
,,,,903,68442,28490,41099,53376,91156,54018,148367,93102,53331
,,,,904,68442,28490,41099,53376,91156,54018,148367,93102,53331
,,,,905,68442,28490,41099,53376,91156,54018,148367,93102,53331
,,,,906,68442,28490,41099,53376,91156,54018,148367,93102,53331
,,,,907,68442,28490,41099,53376,91156,54018,148367,93102,53331
,,,,908,68442,28490,41099,53376,91156,54018,148367,93102,53331
,,,,909,68442,28490,41099,53376,91156,54018,148367,93102,53331
,,,,910,68442,28490,41099,53376,91156,54018,148367,93102,53331
,,,,911,68442,28490,41099,53376,91156,54018,148367,93102,53331
,,,,912,68442,28490,41099,53376,91156,54018,148367,93102,53331
,,,,913,68442,28490,41099,53376,91156,54018,148367,93102,53331
,,,,914,68442,28490,41099,53376,91156,54018,148367,93102,53331
,,,,915,68442,28490,41099,53376,91156,54018,148367,93102,53331
,,,,916,68442,28490,41099,53376,91156,54018,148367,93102,53331
,,,,917,68442,28490,41099,53376,91156,54018,148367,93102,53331
,,,,918,68442,28490,41099,53376,91156,54018,148367,93102,53331
,,,,919,68442,28490,41099,53376,91156,54018,148367,93102,53331
,,,,920,68442,28490,41099,53376,91156,54018,148367,93102,53331
,,,,921,68442,28490,41099,53376,91156,54018,148367,93102,53331
,,,,922,68442,28490,41099,53376,91156,54018,148367,93102,53331
,,,,923,68442,28490,41099,53376,91156,54018,148367,93102,53331
,,,,924,68442,28490,41099,53376,91156,54018,148367,93102,53331
,,,,925,68442,28490,41099,53376,91156,54018,148367,93102,53331
,,,,926,68442,28490,41099,53376,91156,54018,148367,93102,53331
,,,,927,68442,28490,41099,53376,91156,54018,148367,93102,53331
,,,,928,68442,28490,41099,53376,91156,54018,148367,93102,53331
,,,,929,68442,28490,41099,53376,91156,54018,148367,93102,53331
,,,,930,68442,28490,41099,53376,91156,54018,148367,93102,53331
,,,,931,68442,28490,41099,53376,91156,54018,148367,93102,53331
,,,,932,68442,28490,41099,53376,91156,54018,148367,93102,53331
,,,,933,68442,28490,41099,53376,91156,54018,148367,93102,53331
,,,,934,68442,28490,41099,53376,91156,54018,148367,93102,53331
,,,,935,68442,28490,41099,53376,91156,54018,148367,93102,53331
,,,,936,68442,28490,41099,53376,91156,54018,148367,93102,53331
,,,,937,68442,28490,41099,53376,91156,54018,148367,93102,53331
,,,,938,68442,28490,41099,53376,91156,54018,148367,93102,53331
,,,,939,68442,28490,41099,53376,91156,54018,148367,93102,53331
,,,,940,68442,28490,41099,53376,91156,54018,148367,93102,53331
,,,,941,68442,28490,41099,53376,91156,54018,148367,93102,53331
,,,,942,68442,28490,41099,53376,91156,54018,148367,93102,53331
,,,,943,68442,28490,41099,53376,91156,54018,148367,93102,53331
,,,,944,68442,28490,41099,53376,91156,54018,148367,93102,53331
,,,,945,68442,28490,41099,53376,91156,54018,148367,93102,53331
,,,,946,68442,28490,41099,53376,91156,54018,148367,93102,53331
,,,,947,68442,28490,41099,53376,91156,54018,148367,93102,53331
,,,,948,68442,28490,41099,53376,91156,54018,148367,93102,53331
,,,,949,68442,28490,41099,53376,91156,54018,148367,93102,53331
,,,,950,68442,28490,41099,53376,91156,54018,148367,93102,53331
,,,,951,68442,28490,41099,53376,91156,54018,148367,93102,53331
,,,,952,68442,28490,41099,53376,91156,54018,148367,93102,53331
,,,,953,68442,28490,41099,53376,91156,54018,148367,93102,53331
,,,,954,68442,28490,41099,53376,91156,54018,148367,93102,53331
,,,,955,68442,28490,41099,53376,91156,54018,148367,93102,53331
,,,,956,68442,28490,41099,53376,91156,54018,148367,93102,53331
,,,,957,68442,28490,41099,53376,91156,54018,148367,93102,53331
,,,,958,68442,28490,41099,53376,91156,54018,148367,93102,53331
,,,,959,68442,28490,41099,53376,91156,54018,148367,93102,53331
,,,,960,68442,28490,41099,53376,91156,54018,148367,93102,53331
,,,,961,68442,28490,41099,53376,91156,54018,148367,93102,53331
,,,,962,68442,28490,41099,53376,91156,54018,148367,93102,53331
,,,,963,68442,28490,41099,53376,91156,54018,148367,93102,53331
,,,,964,68442,28490,41099,53376,91156,54018,148367,93102,53331
,,,,965,68442,28490,41099,53376,91156,54018,148367,93102,53331
,,,,966,68442,28490,41099,53376,91156,54018,148367,93102,53331
,,,,967,68442,28490,41099,53376,91156,54018,148367,93102,53331
,,,,968,68442,28490,41099,53376,91156,54018,148367,93102,53331
,,,,969,68442,28490,41099,53376,91156,54018,148367,93102,53331
,,,,970,68442,28490,41099,53376,91156,54018,148367,93102,53331
,,,,971,68442,28490,41099,53376,91156,54018,148367,93102,53331
,,,,972,68442,28490,41099,53376,91156,54018,148367,93102,53331
,,,,973,68442,28490,41099,53376,91156,54018,148367,93102,53331
,,,,974,68442,28490,41099,53376,91156,54018,148367,93102,53331
,,,,975,68442,28490,41099,53376,91156,54018,148367,93102,53331
,,,,976,68442,28490,41099,53376,91156,54018,148367,93102,53331
,,,,977,68442,28490,41099,53376,91156,54018,148367,93102,53331
,,,,978,68442,28490,41099,53376,91156,54018,148367,93102,53331
,,,,979,68442,28490,41099,53376,91156,54018,148367,93102,53331
,,,,980,68442,28490,41099,53376,91156,54018,148367,93102,53331
,,,,981,68442,28490,41099,53376,91156,54018,148367,93102,53331
,,,,982,68442,28490,41099,53376,91156,54018,148367,93102,53331
,,,,983,68442,28490,41099,53376,91156,54018,148367,93102,53331
,,,,984,68442,28490,41099,53376,91156,54018,148367,93102,53331
,,,,985,68442,28490,41099,53376,91156,54018,148367,93102,53331
,,,,986,68442,28490,41099,53376,91156,54018,148367,93102,53331
,,,,987,68442,28490,41099,53376,91156,54018,148367,93102,53331
,,,,988,68442,28490,41099,53376,91156,54018,148367,93102,53331
,,,,989,68442,28490,41099,53376,91156,54018,148367,93102,53331
,,,,990,68442,28490,41099,53376,91156,54018,148367,93102,53331
,,,,991,68442,28490,41099,53376,91156,54018,148367,93102,53331
,,,,992,68442,28490,41099,53376,91156,54018,148367,93102,53331
,,,,993,68442,28490,41099,53376,91156,54018,148367,93102,53331
,,,,994,68442,28490,41099,53376,91156,54018,148367,93102,53331
,,,,995,68442,28490,41099,53376,91156,54018,148367,93102,53331
,,,,996,68442,28490,41099,53376,91156,54018,148367,93102,53331
,,,,997,68442,28490,41099,53376,91156,54018,148367,93102,53331
,,,,998,68442,28490,41099,53376,91156,54018,148367,93102,53331
,,,,999,68442,28490,41099,53376,91156,54018,148367,93102,53331
,,,,1000,68442,28490,41099,53376,91156,54018,148367,93102,53331
,,,,1001,68442,28490,41099,53376,91156,54018,148367,93102,53331
,,,,1002,68442,28490,41099,53376,91156,54018,148367,93102,53331
,,,,1003,68442,28490,41099,53376,91156,54018,148367,93102,53331
,,,,1004,68442,28490,41099,53376,91156,54018,148367,93102,53331
,,,,1005,68442,28490,41099,53376,91156,54018,148367,93102,53331
,,,,1006,68442,28490,41099,53376,91156,54018,148367,93102,53331
,,,,1007,68442,28490,41099,53376,91156,54018,148367,93102,53331
,,,,1008,68442,28490,41099,53376,91156,54018,148367,93102,53331
,,,,1009,68442,28490,41099,53376,91156,54018,148367,93102,53331
,,,,1010,68442,28490,41099,53376,91156,54018,148367,93102,53331
,,,,1011,68442,28490,41099,53376,91156,54018,148367,93102,53331
,,,,1012,68442,28490,41099,53376,91156,54018,148367,93102,53331
,,,,1013,68442,28490,41099,53376,91156,54018,148367,93102,53331
,,,,1014,68442,28490,41099,53376,91156,54018,148367,93102,53331
,,,,1015,68442,28490,41099,53376,91156,54018,148367,93102,53331
,,,,1016,68442,28490,41099,53376,91156,54018,148367,93102,53331
,,,,1017,68442,28490,41099,53376,91156,54018,148367,93102,53331
,,,,1018,68442,28490,41099,53376,91156,54018,148367,93102,53331
,,,,1019,68442,28490,41099,53376,91156,54018,148367,93102,53331
,,,,1020,68442,28490,41099,53376,91156,54018,148367,93102,53331
,,,,1021,68442,28490,41099,53376,91156,54018,148367,93102,53331
,,,,1022,68442,28490,41099,53376,91156,54018,148367,93102,53331
,,,,1023,68442,28490,41099,53376,91156,54018,148367,93102,53331
,,,,1024,68442,28490,41099,53376,91156,54018,148367,93102,53331
,,,,1025,68442,28490,41099,53376,91156,54018,148367,93102,53331
,,,,1026,68442,28490,41099,53376,91156,54018,148367,93102,53331
,,,,1027,68442,28490,41099,53376,91156,54018,148367,93102,53331
,,,,1028,68442,28490,41099,53376,91156,54018,148367,93102,53331
,,,,1029,68442,28490,41099,53376,91156,54018,148367,93102,53331
,,,,1030,68442,28490,41099,53376,91156,54018,148367,93102,53331
,,,,1031,68442,28490,41099,53376,91156,54018,148367,93102,53331
,,,,1032,68442,28490,41099,53376,91156,54018,148367,93102,53331
,,,,1033,68442,28490,41099,53376,91156,54018,148367,93102,53331
,,,,1034,68442,28490,41099,53376,91156,54018,148367,93102,53331
,,,,1035,68442,28490,41099,53376,91156,54018,148367,93102,53331
,,,,1036,68442,28490,41099,53376,91156,54018,148367,93102,53331
,,,,1037,68442,28490,41099,53376,91156,54018,148367,93102,53331
,,,,1038,68442,28490,41099,53376,91156,54018,148367,93102,53331
,,,,1039,68442,28490,41099,53376,91156,54018,148367,93102,53331
,,,,1040,68442,28490,41099,53376,91156,54018,148367,93102,53331
,,,,1041,68442,28490,41099,53376,91156,54018,148367,93102,53331
,,,,1042,68442,28490,41099,53376,91156,54018,148367,93102,53331
,,,,1043,68442,28490,41099,53376,91156,54018,148367,93102,53331
,,,,1044,68442,28490,41099,53376,91156,54018,148367,93102,53331
,,,,1045,68442,28490,41099,53376,91156,54018,148367,93102,53331
,,,,1046,68442,28490,41099,53376,91156,54018,148367,93102,53331
,,,,1047,68442,28490,41099,53376,91156,54018,148367,93102,53331
,,,,1048,68442,28490,41099,53376,91156,54018,148367,93102,53331
,,,,1049,68442,28490,41099,53376,91156,54018,148367,93102,53331
,,,,1050,68442,28490,41099,53376,91156,54018,148367,93102,53331
,,,,1051,68442,28490,41099,53376,91156,54018,148367,93102,53331
,,,,1052,68442,28490,41099,53376,91156,54018,148367,93102,53331
,,,,1053,68442,28490,41099,53376,91156,54018,148367,93102,53331
,,,,1054,68442,28490,41099,53376,91156,54018,148367,93102,53331
,,,,1055,68442,28490,41099,53376,91156,54018,148367,93102,53331
,,,,1056,68442,28490,41099,53376,91156,54018,148367,93102,53331
,,,,1057,68442,28490,41099,53376,91156,54018,148367,93102,53331
,,,,1058,68442,28490,41099,53376,91156,54018,148367,93102,53331
,,,,1059,68442,28490,41099,53376,91156,54018,148367,93102,53331
,,,,1060,68442,28490,41099,53376,91156,54018,148367,93102,53331
,,,,1061,68442,28490,41099,53376,91156,54018,148367,93102,53331
,,,,1062,68442,28490,41099,53376,91156,54018,148367,93102,53331
,,,,1063,68442,28490,41099,53376,91156,54018,148367,93102,53331
,,,,1064,68442,28490,41099,53376,91156,54018,148367,93102,53331
,,,,1065,68442,28490,41099,53376,91156,54018,148367,93102,53331
,,,,1066,68442,28490,41099,53376,91156,54018,148367,93102,53331
,,,,1067,68442,28490,41099,53376,91156,54018,148367,93102,53331
,,,,1068,68442,28490,41099,53376,91156,54018,148367,93102,53331
,,,,1069,68442,28490,41099,53376,91156,54018,148367,93102,53331
,,,,1070,68442,28490,41099,53376,91156,54018,148367,93102,53331
,,,,1071,68442,28490,41099,53376,91156,54018,148367,93102,53331
,,,,1072,68442,28490,41099,53376,91156,54018,148367,93102,53331
,,,,1073,68442,28490,41099,53376,91156,54018,148367,93102,53331
,,,,1074,68442,28490,41099,53376,91156,54018,148367,93102,53331
,,,,1075,68442,28490,41099,53376,91156,54018,148367,93102,53331
,,,,1076,68442,28490,41099,53376,91156,54018,148367,93102,53331
,,,,1077,68442,28490,41099,53376,91156,54018,148367,93102,53331
,,,,1078,68442,28490,41099,53376,91156,54018,148367,93102,53331
,,,,1079,68442,28490,41099,53376,91156,54018,148367,93102,53331
,,,,1080,68442,28490,41099,53376,91156,54018,148367,93102,53331
,,,,1081,68442,28490,41099,53376,91156,54018,148367,93102,53331
,,,,1082,68442,28490,41099,53376,91156,54018,148367,93102,53331
,,,,1083,68442,28490,41099,53376,91156,54018,148367,93102,53331
,,,,1084,68442,28490,41099,53376,91156,54018,148367,93102,53331
,,,,1085,68442,28490,41099,53376,91156,54018,148367,93102,53331
,,,,1086,68442,28490,41099,53376,91156,54018,148367,93102,53331
,,,,1087,68442,28490,41099,53376,91156,54018,148367,93102,53331
,,,,1088,68442,28490,41099,53376,91156,54018,148367,93102,53331
,,,,1089,68442,28490,41099,53376,91156,54018,148367,93102,53331
,,,,1090,68442,28490,41099,53376,91156,54018,148367,93102,53331
,,,,1091,68442,28490,41099,53376,91156,54018,148367,93102,53331
,,,,1092,68442,28490,41099,53376,91156,54018,148367,93102,53331
,,,,1093,68442,28490,41099,53376,91156,54018,148367,93102,53331
,,,,1094,68442,28490,41099,53376,91156,54018,148367,93102,53331
,,,,1095,68442,28490,41099,53376,91156,54018,148367,93102,53331
,,,,1096,68442,28490,41099,53376,91156,54018,148367,93102,53331
,,,,1097,68442,28490,41099,53376,91156,54018,148367,93102,53331
,,,,1098,68442,28490,41099,53376,91156,54018,148367,93102,53331
,,,,1099,68442,28490,41099,53376,91156,54018,148367,93102,53331
,,,,1100,68442,28490,41099,53376,91156,54018,148367,93102,53331
,,,,1101,68442,28490,41099,53376,91156,54018,148367,93102,53331
,,,,1102,68442,28490,41099,53376,91156,54018,148367,93102,53331
,,,,1103,68442,28490,41099,53376,91156,54018,148367,93102,53331
,,,,1104,68442,28490,41099,53376,91156,54018,148367,93102,53331
,,,,1105,68442,28490,41099,53376,91156,54018,148367,93102,53331
,,,,1106,68442,28490,41099,53376,91156,54018,148367,93102,53331
,,,,1107,68442,28490,41099,53376,91156,54018,148367,93102,53331
,,,,1108,68442,28490,41099,53376,91156,54018,148367,93102,53331
,,,,1109,68442,28490,41099,53376,91156,54018,148367,93102,53331
,,,,1110,68442,28490,41099,53376,91156,54018,148367,93102,53331
,,,,1111,68442,28490,41099,53376,91156,54018,148367,93102,53331
,,,,1112,68442,28490,41099,53376,91156,54018,148367,93102,53331
,,,,1113,68442,28490,41099,53376,91156,54018,148367,93102,53331
,,,,1114,68442,28490,41099,53376,91156,54018,148367,93102,53331
,,,,1115,68442,28490,41099,53376,91156,54018,148367,93102,53331
,,,,1116,68442,28490,41099,53376,91156,54018,148367,93102,53331
,,,,1117,68442,28490,41099,53376,91156,54018,148367,93102,53331
,,,,1118,68442,28490,41099,53376,91156,54018,148367,93102,53331
,,,,1119,68442,28490,41099,53376,91156,54018,148367,93102,53331
,,,,1120,68442,28490,41099,53376,91156,54018,148367,93102,53331
,,,,1121,68442,28490,41099,53376,91156,54018,148367,93102,53331
,,,,1122,68442,28490,41099,53376,91156,54018,148367,93102,53331
,,,,1123,68442,28490,41099,53376,91156,54018,148367,93102,53331
,,,,1124,68442,28490,41099,53376,91156,54018,148367,93102,53331
,,,,1125,68442,28490,41099,53376,91156,54018,148367,93102,53331
,,,,1126,68442,28490,41099,53376,91156,54018,148367,93102,53331
,,,,1127,68442,28490,41099,53376,91156,54018,148367,93102,53331
,,,,1128,68442,28490,41099,53376,91156,54018,148367,93102,53331
,,,,1129,68442,28490,41099,53376,91156,54018,148367,93102,53331
,,,,1130,68442,28490,41099,53376,91156,54018,148367,93102,53331
,,,,1131,68442,28490,41099,53376,91156,54018,148367,93102,53331
,,,,1132,68442,28490,41099,53376,91156,54018,148367,93102,53331
,,,,1133,68442,28490,41099,53376,91156,54018,148367,93102,53331
,,,,1134,68442,28490,41099,53376,91156,54018,148367,93102,53331
,,,,1135,68442,28490,41099,53376,91156,54018,148367,93102,53331
,,,,1136,68442,28490,41099,53376,91156,54018,148367,93102,53331
,,,,1137,68442,28490,41099,53376,91156,54018,148367,93102,53331
,,,,1138,68442,28490,41099,53376,91156,54018,148367,93102,53331
,,,,1139,68442,28490,41099,53376,91156,54018,148367,93102,53331
,,,,1140,68442,28490,41099,53376,91156,54018,148367,93102,53331
,,,,1141,68442,28490,41099,53376,91156,54018,148367,93102,53331
,,,,1142,68442,28490,41099,53376,91156,54018,148367,93102,53331
,,,,1143,68442,28490,41099,53376,91156,54018,148367,93102,53331
,,,,1144,68442,28490,41099,53376,91156,54018,148367,93102,53331
,,,,1145,68442,28490,41099,53376,91156,54018,148367,93102,53331
,,,,1146,68442,28490,41099,53376,91156,54018,148367,93102,53331
,,,,1147,68442,28490,41099,53376,91156,54018,148367,93102,53331
,,,,1148,68442,28490,41099,53376,91156,54018,148367,93102,53331
,,,,1149,68442,28490,41099,53376,91156,54018,148367,93102,53331
,,,,1150,68442,28490,41099,53376,91156,54018,148367,93102,53331
,,,,1151,68442,28490,41099,53376,91156,54018,148367,93102,53331
,,,,1152,68442,28490,41099,53376,91156,54018,148367,93102,53331
,,,,1153,68442,28490,41099,53376,91156,54018,148367,93102,53331
,,,,1154,68442,28490,41099,53376,91156,54018,148367,93102,53331
,,,,1155,68442,28490,41099,53376,91156,54018,148367,93102,53331
,,,,1156,68442,28490,41099,53376,91156,54018,148367,93102,53331
,,,,1157,68442,28490,41099,53376,91156,54018,148367,93102,53331
,,,,1158,68442,28490,41099,53376,91156,54018,148367,93102,53331
,,,,1159,68442,28490,41099,53376,91156,54018,148367,93102,53331
,,,,1160,68442,28490,41099,53376,91156,54018,148367,93102,53331
,,,,1161,68442,28490,41099,53376,91156,54018,148367,93102,53331
,,,,1162,68442,28490,41099,53376,91156,54018,148367,93102,53331
,,,,1163,68442,28490,41099,53376,91156,54018,148367,93102,53331
,,,,1164,68442,28490,41099,53376,91156,54018,148367,93102,53331
,,,,1165,68442,28490,41099,53376,91156,54018,148367,93102,53331
,,,,1166,68442,28490,41099,53376,91156,54018,148367,93102,53331
,,,,1167,68442,28490,41099,53376,91156,54018,148367,93102,53331
,,,,1168,68442,28490,41099,53376,91156,54018,148367,93102,53331
,,,,1169,68442,28490,41099,53376,91156,54018,148367,93102,53331
,,,,1170,68442,28490,41099,53376,91156,54018,148367,93102,53331
,,,,1171,68442,28490,41099,53376,91156,54018,148367,93102,53331
,,,,1172,68442,28490,41099,53376,91156,54018,148367,93102,53331
,,,,1173,68442,28490,41099,53376,91156,54018,148367,93102,53331
,,,,1174,68442,28490,41099,53376,91156,54018,148367,93102,53331
,,,,1175,68442,28490,41099,53376,91156,54018,148367,93102,53331
,,,,1176,68442,28490,41099,53376,91156,54018,148367,93102,53331
,,,,1177,68442,28490,41099,53376,91156,54018,148367,93102,53331
,,,,1178,68442,28490,41099,53376,91156,54018,148367,93102,53331
,,,,1179,68442,28490,41099,53376,91156,54018,148367,93102,53331
,,,,1180,68442,28490,41099,53376,91156,54018,148367,93102,53331
,,,,1181,68442,28490,41099,53376,91156,54018,148367,93102,53331
,,,,1182,68442,28490,41099,53376,91156,54018,148367,93102,53331
,,,,1183,68442,28490,41099,53376,91156,54018,148367,93102,53331
,,,,1184,68442,28490,41099,53376,91156,54018,148367,93102,53331
,,,,1185,68442,28490,41099,53376,91156,54018,148367,93102,53331
,,,,1186,68442,28490,41099,53376,91156,54018,148367,93102,53331
,,,,1187,68442,28490,41099,53376,91156,54018,148367,93102,53331
,,,,1188,68442,28490,41099,53376,91156,54018,148367,93102,53331
,,,,1189,68442,28490,41099,53376,91156,54018,148367,93102,53331
,,,,1190,68442,28490,41099,53376,91156,54018,148367,93102,53331
,,,,1191,68442,28490,41099,53376,91156,54018,148367,93102,53331
,,,,1192,68442,28490,41099,53376,91156,54018,148367,93102,53331
,,,,1193,68442,28490,41099,53376,91156,54018,148367,93102,53331
,,,,1194,68442,28490,41099,53376,91156,54018,148367,93102,53331
,,,,1195,68442,28490,41099,53376,91156,54018,148367,93102,53331
,,,,1196,68442,28490,41099,53376,91156,54018,148367,93102,53331
,,,,1197,68442,28490,41099,53376,91156,54018,148367,93102,53331
,,,,1198,68442,28490,41099,53376,91156,54018,148367,93102,53331
,,,,1199,68442,28490,41099,53376,91156,54018,148367,93102,53331
,,,,1200,68442,28490,41099,53376,91156,54018,148367,93102,53331
,,,,1201,68442,28490,41099,53376,91156,54018,148367,93102,53331
,,,,1202,68442,28490,41099,53376,91156,54018,148367,93102,53331
,,,,1203,68442,28490,41099,53376,91156,54018,148367,93102,53331
,,,,1204,68442,28490,41099,53376,91156,54018,148367,93102,53331
,,,,1205,68442,28490,41099,53376,91156,54018,148367,93102,53331
,,,,1206,68442,28490,41099,53376,91156,54018,148367,93102,53331
,,,,1207,68442,28490,41099,53376,91156,54018,148367,93102,53331
,,,,1208,68442,28490,41099,53376,91156,54018,148367,93102,53331
,,,,1209,68442,28490,41099,53376,91156,54018,148367,93102,53331
,,,,1210,68442,28490,41099,53376,91156,54018,148367,93102,53331
,,,,1211,68442,28490,41099,53376,91156,54018,148367,93102,53331
,,,,1212,68442,28490,41099,53376,91156,54018,148367,93102,53331
,,,,1213,68442,28490,41099,53376,91156,54018,148367,93102,53331
,,,,1214,68442,28490,41099,53376,91156,54018,148367,93102,53331
,,,,1215,68442,28490,41099,53376,91156,54018,148367,93102,53331
,,,,1216,68442,28490,41099,53376,91156,54018,148367,93102,53331
,,,,1217,68442,28490,41099,53376,91156,54018,148367,93102,53331
,,,,1218,68442,28490,41099,53376,91156,54018,148367,93102,53331
,,,,1219,68442,28490,41099,53376,91156,54018,148367,93102,53331
,,,,1220,68442,28490,41099,53376,91156,54018,148367,93102,53331
,,,,1221,68442,28490,41099,53376,91156,54018,148367,93102,53331
,,,,1222,68442,28490,41099,53376,91156,54018,148367,93102,53331
,,,,1223,68442,28490,41099,53376,91156,54018,148367,93102,53331
,,,,1224,68442,28490,41099,53376,91156,54018,148367,93102,53331
,,,,1225,68442,28490,41099,53376,91156,54018,148367,93102,53331
,,,,1226,68442,28490,41099,53376,91156,54018,148367,93102,53331
,,,,1227,68442,28490,41099,53376,91156,54018,148367,93102,53331
,,,,1228,68442,28490,41099,53376,91156,54018,148367,93102,53331
,,,,1229,68442,28490,41099,53376,91156,54018,148367,93102,53331
,,,,1230,68442,28490,41099,53376,91156,54018,148367,93102,53331
,,,,1231,68442,28490,41099,53376,91156,54018,148367,93102,53331
,,,,1232,68442,28490,41099,53376,91156,54018,148367,93102,53331
,,,,1233,68442,28490,41099,53376,91156,54018,148367,93102,53331
,,,,1234,68442,28490,41099,53376,91156,54018,148367,93102,53331
,,,,1235,68442,28490,41099,53376,91156,54018,148367,93102,53331
,,,,1236,68442,28490,41099,53376,91156,54018,148367,93102,53331
,,,,1237,68442,28490,41099,53376,91156,54018,148367,93102,53331
,,,,1238,68442,28490,41099,53376,91156,54018,148367,93102,53331
,,,,1239,68442,28490,41099,53376,91156,54018,148367,93102,53331
,,,,1240,68442,28490,41099,53376,91156,54018,148367,93102,53331
,,,,1241,68442,28490,41099,53376,91156,54018,148367,93102,53331
,,,,1242,68442,28490,41099,53376,91156,54018,148367,93102,53331
,,,,1243,68442,28490,41099,53376,91156,54018,148367,93102,53331
,,,,1244,68442,28490,41099,53376,91156,54018,148367,93102,53331
,,,,1245,68442,28490,41099,53376,91156,54018,148367,93102,53331
,,,,1246,68442,28490,41099,53376,91156,54018,148367,93102,53331
,,,,1247,68442,28490,41099,53376,91156,54018,148367,93102,53331
,,,,1248,68442,28490,41099,53376,91156,54018,148367,93102,53331
,,,,1249,68442,28490,41099,53376,91156,54018,148367,93102,53331
,,,,1250,68442,28490,41099,53376,91156,54018,148367,93102,53331
,,,,1251,68442,28490,41099,53376,91156,54018,148367,93102,53331
,,,,1252,68442,28490,41099,53376,91156,54018,148367,93102,53331
,,,,1253,68442,28490,41099,53376,91156,54018,148367,93102,53331
,,,,1254,68442,28490,41099,53376,91156,54018,148367,93102,53331
,,,,1255,68442,28490,41099,53376,91156,54018,148367,93102,53331
,,,,1256,68442,28490,41099,53376,91156,54018,148367,93102,53331
,,,,1257,68442,28490,41099,53376,91156,54018,148367,93102,53331
,,,,1258,68442,28490,41099,53376,91156,54018,148367,93102,53331
,,,,1259,68442,28490,41099,53376,91156,54018,148367,93102,53331
,,,,1260,68442,28490,41099,53376,91156,54018,148367,93102,53331
,,,,1261,68442,28490,41099,53376,91156,54018,148367,93102,53331
,,,,1262,68442,28490,41099,53376,91156,54018,148367,93102,53331
,,,,1263,68442,28490,41099,53376,91156,54018,148367,93102,53331
,,,,1264,68442,28490,41099,53376,91156,54018,148367,93102,53331
,,,,1265,68442,28490,41099,53376,91156,54018,148367,93102,53331
,,,,1266,68442,28490,41099,53376,91156,54018,148367,93102,53331
,,,,1267,68442,28490,41099,53376,91156,54018,148367,93102,53331
,,,,1268,68442,28490,41099,53376,91156,54018,148367,93102,53331
,,,,1269,68442,28490,41099,53376,91156,54018,148367,93102,53331
,,,,1270,68442,28490,41099,53376,91156,54018,148367,93102,53331
,,,,1271,68442,28490,41099,53376,91156,54018,148367,93102,53331
,,,,1272,68442,28490,41099,53376,91156,54018,148367,93102,53331
,,,,1273,68442,28490,41099,53376,91156,54018,148367,93102,53331
,,,,1274,68442,28490,41099,53376,91156,54018,148367,93102,53331
,,,,1275,68442,28490,41099,53376,91156,54018,148367,93102,53331
,,,,1276,68442,28490,41099,53376,91156,54018,148367,93102,53331
,,,,1277,68442,28490,41099,53376,91156,54018,148367,93102,53331
,,,,1278,68442,28490,41099,53376,91156,54018,148367,93102,53331
,,,,1279,68442,28490,41099,53376,91156,54018,148367,93102,53331
,,,,1280,68442,28490,41099,53376,91156,54018,148367,93102,53331
,,,,1281,68442,28490,41099,53376,91156,54018,148367,93102,53331
,,,,1282,68442,28490,41099,53376,91156,54018,148367,93102,53331
,,,,1283,68442,28490,41099,53376,91156,54018,148367,93102,53331
,,,,1284,68442,28490,41099,53376,91156,54018,148367,93102,53331
,,,,1285,68442,28490,41099,53376,91156,54018,148367,93102,53331
,,,,1286,68442,28490,41099,53376,91156,54018,148367,93102,53331
,,,,1287,68442,28490,41099,53376,91156,54018,148367,93102,53331
,,,,1288,68442,28490,41099,53376,91156,54018,148367,93102,53331
,,,,1289,68442,28490,41099,53376,91156,54018,148367,93102,53331
,,,,1290,68442,28490,41099,53376,91156,54018,148367,93102,53331
,,,,1291,68442,28490,41099,53376,91156,54018,148367,93102,53331
,,,,1292,68442,28490,41099,53376,91156,54018,148367,93102,53331
,,,,1293,68442,28490,41099,53376,91156,54018,148367,93102,53331
,,,,1294,68442,28490,41099,53376,91156,54018,148367,93102,53331
,,,,1295,68442,28490,41099,53376,91156,54018,148367,93102,53331
,,,,1296,68442,28490,41099,53376,91156,54018,148367,93102,53331
,,,,1297,68442,28490,41099,53376,91156,54018,148367,93102,53331
,,,,1298,68442,28490,41099,53376,91156,54018,148367,93102,53331
,,,,1299,68442,28490,41099,53376,91156,54018,148367,93102,53331
,,,,1300,68442,28490,41099,53376,91156,54018,148367,93102,53331
,,,,1301,68442,28490,41099,53376,91156,54018,148367,93102,53331
,,,,1302,68442,28490,41099,53376,91156,54018,148367,93102,53331
,,,,1303,68442,28490,41099,53376,91156,54018,148367,93102,53331
,,,,1304,68442,28490,41099,53376,91156,54018,148367,93102,53331
,,,,1305,68442,28490,41099,53376,91156,54018,148367,93102,53331
,,,,1306,68442,28490,41099,53376,91156,54018,148367,93102,53331
,,,,1307,68442,28490,41099,53376,91156,54018,148367,93102,53331
,,,,1308,68442,28490,41099,53376,91156,54018,148367,93102,53331
,,,,1309,68442,28490,41099,53376,91156,54018,148367,93102,53331
,,,,1310,68442,28490,41099,53376,91156,54018,148367,93102,53331
,,,,1311,68442,28490,41099,53376,91156,54018,148367,93102,53331
,,,,1312,68442,28490,41099,53376,91156,54018,148367,93102,53331
,,,,1313,68442,28490,41099,53376,91156,54018,148367,93102,53331
,,,,1314,68442,28490,41099,53376,91156,54018,148367,93102,53331
,,,,1315,68442,28490,41099,53376,91156,54018,148367,93102,53331
,,,,1316,68442,28490,41099,53376,91156,54018,148367,93102,53331
,,,,1317,68442,28490,41099,53376,91156,54018,148367,93102,53331
,,,,1318,68442,28490,41099,53376,91156,54018,148367,93102,53331
,,,,1319,68442,28490,41099,53376,91156,54018,148367,93102,53331
,,,,1320,68442,28490,41099,53376,91156,54018,148367,93102,53331
,,,,1321,68442,28490,41099,53376,91156,54018,148367,93102,53331
,,,,1322,68442,28490,41099,53376,91156,54018,148367,93102,53331
,,,,1323,68442,28490,41099,53376,91156,54018,148367,93102,53331
,,,,1324,68442,28490,41099,53376,91156,54018,148367,93102,53331
,,,,1325,68442,28490,41099,53376,91156,54018,148367,93102,53331
,,,,1326,68442,28490,41099,53376,91156,54018,148367,93102,53331
,,,,1327,68442,28490,41099,53376,91156,54018,148367,93102,53331
,,,,1328,68442,28490,41099,53376,91156,54018,148367,93102,53331
,,,,1329,68442,28490,41099,53376,91156,54018,148367,93102,53331
,,,,1330,68442,28490,41099,53376,91156,54018,148367,93102,53331
,,,,1331,68442,28490,41099,53376,91156,54018,148367,93102,53331
,,,,1332,68442,28490,41099,53376,91156,54018,148367,93102,53331
,,,,1333,68442,28490,41099,53376,91156,54018,148367,93102,53331
,,,,1334,68442,28490,41099,53376,91156,54018,148367,93102,53331
,,,,1335,68442,28490,41099,53376,91156,54018,148367,93102,53331
,,,,1336,68442,28490,41099,53376,91156,54018,148367,93102,53331
,,,,1337,68442,28490,41099,53376,91156,54018,148367,93102,53331
,,,,1338,68442,28490,41099,53376,91156,54018,148367,93102,53331
,,,,1339,68442,28490,41099,53376,91156,54018,148367,93102,53331
,,,,1340,68442,28490,41099,53376,91156,54018,148367,93102,53331
,,,,1341,68442,28490,41099,53376,91156,54018,148367,93102,53331
,,,,1342,68442,28490,41099,53376,91156,54018,148367,93102,53331
,,,,1343,68442,28490,41099,53376,91156,54018,148367,93102,53331
,,,,1344,68442,28490,41099,53376,91156,54018,148367,93102,53331
,,,,1345,68442,28490,41099,53376,91156,54018,148367,93102,53331
,,,,1346,68442,28490,41099,53376,91156,54018,148367,93102,53331
,,,,1347,68442,28490,41099,53376,91156,54018,148367,93102,53331
,,,,1348,68442,28490,41099,53376,91156,54018,148367,93102,53331
,,,,1349,68442,28490,41099,53376,91156,54018,148367,93102,53331
,,,,1350,68442,28490,41099,53376,91156,54018,148367,93102,53331
,,,,1351,68442,28490,41099,53376,91156,54018,148367,93102,53331
,,,,1352,68442,28490,41099,53376,91156,54018,148367,93102,53331
,,,,1353,68442,28490,41099,53376,91156,54018,148367,93102,53331
,,,,1354,68442,28490,41099,53376,91156,54018,148367,93102,53331
,,,,1355,68442,28490,41099,53376,91156,54018,148367,93102,53331
,,,,1356,68442,28490,41099,53376,91156,54018,148367,93102,53331
,,,,1357,68442,28490,41099,53376,91156,54018,148367,93102,53331
,,,,1358,68442,28490,41099,53376,91156,54018,148367,93102,53331
,,,,1359,68442,28490,41099,53376,91156,54018,148367,93102,53331
,,,,1360,68442,28490,41099,53376,91156,54018,148367,93102,53331
,,,,1361,68442,28490,41099,53376,91156,54018,148367,93102,53331
,,,,1362,68442,28490,41099,53376,91156,54018,148367,93102,53331
,,,,1363,68442,28490,41099,53376,91156,54018,148367,93102,53331
,,,,1364,68442,28490,41099,53376,91156,54018,148367,93102,53331
,,,,1365,68442,28490,41099,53376,91156,54018,148367,93102,53331
,,,,1366,68442,28490,41099,53376,91156,54018,148367,93102,53331
,,,,1367,68442,28490,41099,53376,91156,54018,148367,93102,53331
,,,,1368,68442,28490,41099,53376,91156,54018,148367,93102,53331
,,,,1369,68442,28490,41099,53376,91156,54018,148367,93102,53331
,,,,1370,68442,28490,41099,53376,91156,54018,148367,93102,53331
,,,,1371,68442,28490,41099,53376,91156,54018,148367,93102,53331
,,,,1372,68442,28490,41099,53376,91156,54018,148367,93102,53331
,,,,1373,68442,28490,41099,53376,91156,54018,148367,93102,53331
,,,,1374,68442,28490,41099,53376,91156,54018,148367,93102,53331
,,,,1375,68442,28490,41099,53376,91156,54018,148367,93102,53331
,,,,1376,68442,28490,41099,53376,91156,54018,148367,93102,53331
,,,,1377,68442,28490,41099,53376,91156,54018,148367,93102,53331
,,,,1378,68442,28490,41099,53376,91156,54018,148367,93102,53331
,,,,1379,68442,28490,41099,53376,91156,54018,148367,93102,53331
,,,,1380,68442,28490,41099,53376,91156,54018,148367,93102,53331
,,,,1381,68442,28490,41099,53376,91156,54018,148367,93102,53331
,,,,1382,68442,28490,41099,53376,91156,54018,148367,93102,53331
,,,,1383,68442,28490,41099,53376,91156,54018,148367,93102,53331
,,,,1384,68442,28490,41099,53376,91156,54018,148367,93102,53331
,,,,1385,68442,28490,41099,53376,91156,54018,148367,93102,53331
,,,,1386,68442,28490,41099,53376,91156,54018,148367,93102,53331
,,,,1387,68442,28490,41099,53376,91156,54018,148367,93102,53331
,,,,1388,68442,28490,41099,53376,91156,54018,148367,93102,53331
,,,,1389,68442,28490,41099,53376,91156,54018,148367,93102,53331
,,,,1390,68442,28490,41099,53376,91156,54018,148367,93102,53331
,,,,1391,68442,28490,41099,53376,91156,54018,148367,93102,53331
,,,,1392,68442,28490,41099,53376,91156,54018,148367,93102,53331
,,,,1393,68442,28490,41099,53376,91156,54018,148367,93102,53331
,,,,1394,68442,28490,41099,53376,91156,54018,148367,93102,53331
,,,,1395,68442,28490,41099,53376,91156,54018,148367,93102,53331
,,,,1396,68442,28490,41099,53376,91156,54018,148367,93102,53331
,,,,1397,68442,28490,41099,53376,91156,54018,148367,93102,53331
,,,,1398,68442,28490,41099,53376,91156,54018,148367,93102,53331
,,,,1399,68442,28490,41099,53376,91156,54018,148367,93102,53331
,,,,1400,68442,28490,41099,53376,91156,54018,148367,93102,53331
,,,,1401,68442,28490,41099,53376,91156,54018,148367,93102,53331
,,,,1402,68442,28490,41099,53376,91156,54018,148367,93102,53331
,,,,1403,68442,28490,41099,53376,91156,54018,148367,93102,53331
,,,,1404,68442,28490,41099,53376,91156,54018,148367,93102,53331
,,,,1405,68442,28490,41099,53376,91156,54018,148367,93102,53331
,,,,1406,68442,28490,41099,53376,91156,54018,148367,93102,53331
,,,,1407,68442,28490,41099,53376,91156,54018,148367,93102,53331
,,,,1408,68442,28490,41099,53376,91156,54018,148367,93102,53331
,,,,1409,68442,28490,41099,53376,91156,54018,148367,93102,53331
,,,,1410,68442,28490,41099,53376,91156,54018,148367,93102,53331
,,,,1411,68442,28490,41099,53376,91156,54018,148367,93102,53331
,,,,1412,68442,28490,41099,53376,91156,54018,148367,93102,53331
,,,,1413,68442,28490,41099,53376,91156,54018,148367,93102,53331
,,,,1414,68442,28490,41099,53376,91156,54018,148367,93102,53331
,,,,1415,68442,28490,41099,53376,91156,54018,148367,93102,53331
,,,,1416,68442,28490,41099,53376,91156,54018,148367,93102,53331
,,,,1417,68442,28490,41099,53376,91156,54018,148367,93102,53331
,,,,1418,68442,28490,41099,53376,91156,54018,148367,93102,53331
,,,,1419,68442,28490,41099,53376,91156,54018,148367,93102,53331
,,,,1420,68442,28490,41099,53376,91156,54018,148367,93102,53331
,,,,1421,68442,28490,41099,53376,91156,54018,148367,93102,53331
,,,,1422,68442,28490,41099,53376,91156,54018,148367,93102,53331
,,,,1423,68442,28490,41099,53376,91156,54018,148367,93102,53331
,,,,1424,68442,28490,41099,53376,91156,54018,148367,93102,53331
,,,,1425,68442,28490,41099,53376,91156,54018,148367,93102,53331
,,,,1426,68442,28490,41099,53376,91156,54018,148367,93102,53331
,,,,1427,68442,28490,41099,53376,91156,54018,148367,93102,53331
,,,,1428,68442,28490,41099,53376,91156,54018,148367,93102,53331
,,,,1429,68442,28490,41099,53376,91156,54018,148367,93102,53331
,,,,1430,68442,28490,41099,53376,91156,54018,148367,93102,53331
,,,,1431,68442,28490,41099,53376,91156,54018,148367,93102,53331
,,,,1432,68442,28490,41099,53376,91156,54018,148367,93102,53331
,,,,1433,68442,28490,41099,53376,91156,54018,148367,93102,53331
,,,,1434,68442,28490,41099,53376,91156,54018,148367,93102,53331
,,,,1435,68442,28490,41099,53376,91156,54018,148367,93102,53331
,,,,1436,68442,28490,41099,53376,91156,54018,148367,93102,53331
,,,,1437,68442,28490,41099,53376,91156,54018,148367,93102,53331
,,,,1438,68442,28490,41099,53376,91156,54018,148367,93102,53331
,,,,1439,68442,28490,41099,53376,91156,54018,148367,93102,53331
,,,,1440,68442,28490,41099,53376,91156,54018,148367,93102,53331
,,,,1441,68442,28490,41099,53376,91156,54018,148367,93102,53331
,,,,1442,68442,28490,41099,53376,91156,54018,148367,93102,53331
,,,,1443,68442,28490,41099,53376,91156,54018,148367,93102,53331
,,,,1444,68442,28490,41099,53376,91156,54018,148367,93102,53331
,,,,1445,68442,28490,41099,53376,91156,54018,148367,93102,53331
,,,,1446,68442,28490,41099,53376,91156,54018,148367,93102,53331
,,,,1447,68442,28490,41099,53376,91156,54018,148367,93102,53331
,,,,1448,68442,28490,41099,53376,91156,54018,148367,93102,53331
,,,,1449,68442,28490,41099,53376,91156,54018,148367,93102,53331
,,,,1450,68442,28490,41099,53376,91156,54018,148367,93102,53331
,,,,1451,68442,28490,41099,53376,91156,54018,148367,93102,53331
,,,,1452,68442,28490,41099,53376,91156,54018,148367,93102,53331
,,,,1453,68442,28490,41099,53376,91156,54018,148367,93102,53331
,,,,1454,68442,28490,41099,53376,91156,54018,148367,93102,53331
,,,,1455,68442,28490,41099,53376,91156,54018,148367,93102,53331
,,,,1456,68442,28490,41099,53376,91156,54018,148367,93102,53331
,,,,1457,68442,28490,41099,53376,91156,54018,148367,93102,53331
,,,,1458,68442,28490,41099,53376,91156,54018,148367,93102,53331
,,,,1459,68442,28490,41099,53376,91156,54018,148367,93102,53331
,,,,1460,68442,28490,41099,53376,91156,54018,148367,93102,53331
,,,,1461,68442,28490,41099,53376,91156,54018,148367,93102,53331
,,,,1462,68442,28490,41099,53376,91156,54018,148367,93102,53331
,,,,1463,68442,28490,41099,53376,91156,54018,148367,93102,53331
,,,,1464,68442,28490,41099,53376,91156,54018,148367,93102,53331
,,,,1465,68442,28490,41099,53376,91156,54018,148367,93102,53331
,,,,1466,68442,28490,41099,53376,91156,54018,148367,93102,53331
,,,,1467,68442,28490,41099,53376,91156,54018,148367,93102,53331
,,,,1468,68442,28490,41099,53376,91156,54018,148367,93102,53331
,,,,1469,68442,28490,41099,53376,91156,54018,148367,93102,53331
,,,,1470,68442,28490,41099,53376,91156,54018,148367,93102,53331
,,,,1471,68442,28490,41099,53376,91156,54018,148367,93102,53331
,,,,1472,68442,28490,41099,53376,91156,54018,148367,93102,53331
,,,,1473,68442,28490,41099,53376,91156,54018,148367,93102,53331
,,,,1474,68442,28490,41099,53376,91156,54018,148367,93102,53331
,,,,1475,68442,28490,41099,53376,91156,54018,148367,93102,53331
,,,,1476,68442,28490,41099,53376,91156,54018,148367,93102,53331
,,,,1477,68442,28490,41099,53376,91156,54018,148367,93102,53331
,,,,1478,68442,28490,41099,53376,91156,54018,148367,93102,53331
,,,,1479,68442,28490,41099,53376,91156,54018,148367,93102,53331
,,,,1480,68442,28490,41099,53376,91156,54018,148367,93102,53331
,,,,1481,68442,28490,41099,53376,91156,54018,148367,93102,53331
,,,,1482,68442,28490,41099,53376,91156,54018,148367,93102,53331
,,,,1483,68442,28490,41099,53376,91156,54018,148367,93102,53331
,,,,1484,68442,28490,41099,53376,91156,54018,148367,93102,53331
,,,,1485,68442,28490,41099,53376,91156,54018,148367,93102,53331
,,,,1486,68442,28490,41099,53376,91156,54018,148367,93102,53331
,,,,1487,68442,28490,41099,53376,91156,54018,148367,93102,53331
,,,,1488,68442,28490,41099,53376,91156,54018,148367,93102,53331
,,,,1489,68442,28490,41099,53376,91156,54018,148367,93102,53331
,,,,1490,68442,28490,41099,53376,91156,54018,148367,93102,53331
,,,,1491,68442,28490,41099,53376,91156,54018,148367,93102,53331
,,,,1492,68442,28490,41099,53376,91156,54018,148367,93102,53331
,,,,1493,68442,28490,41099,53376,91156,54018,148367,93102,53331
,,,,1494,68442,28490,41099,53376,91156,54018,148367,93102,53331
,,,,1495,68442,28490,41099,53376,91156,54018,148367,93102,53331
,,,,1496,68442,28490,41099,53376,91156,54018,148367,93102,53331
,,,,1497,68442,28490,41099,53376,91156,54018,148367,93102,53331
,,,,1498,68442,28490,41099,53376,91156,54018,148367,93102,53331
,,,,1499,68442,28490,41099,53376,91156,54018,148367,93102,53331
,,,,1500,68442,28490,41099,53376,91156,54018,148367,93102,53331
,,,,1501,68442,28490,41099,53376,91156,54018,148367,93102,53331
,,,,1502,68442,28490,41099,53376,91156,54018,148367,93102,53331
,,,,1503,68442,28490,41099,53376,91156,54018,148367,93102,53331
,,,,1504,68442,28490,41099,53376,91156,54018,148367,93102,53331
,,,,1505,68442,28490,41099,53376,91156,54018,148367,93102,53331
,,,,1506,68442,28490,41099,53376,91156,54018,148367,93102,53331
,,,,1507,68442,28490,41099,53376,91156,54018,148367,93102,53331
,,,,1508,68442,28490,41099,53376,91156,54018,148367,93102,53331
,,,,1509,68442,28490,41099,53376,91156,54018,148367,93102,53331
,,,,1510,68442,28490,41099,53376,91156,54018,148367,93102,53331
,,,,1511,68442,28490,41099,53376,91156,54018,148367,93102,53331
,,,,1512,68442,28490,41099,53376,91156,54018,148367,93102,53331
,,,,1513,68442,28490,41099,53376,91156,54018,148367,93102,53331
,,,,1514,68442,28490,41099,53376,91156,54018,148367,93102,53331
,,,,1515,68442,28490,41099,53376,91156,54018,148367,93102,53331
,,,,1516,68442,28490,41099,53376,91156,54018,148367,93102,53331
,,,,1517,68442,28490,41099,53376,91156,54018,148367,93102,53331
,,,,1518,68442,28490,41099,53376,91156,54018,148367,93102,53331
,,,,1519,68442,28490,41099,53376,91156,54018,148367,93102,53331
,,,,1520,68442,28490,41099,53376,91156,54018,148367,93102,53331
,,,,1521,68442,28490,41099,53376,91156,54018,148367,93102,53331
,,,,1522,68442,28490,41099,53376,91156,54018,148367,93102,53331
,,,,1523,68442,28490,41099,53376,91156,54018,148367,93102,53331
,,,,1524,68442,28490,41099,53376,91156,54018,148367,93102,53331
,,,,1525,68442,28490,41099,53376,91156,54018,148367,93102,53331
,,,,1526,68442,28490,41099,53376,91156,54018,148367,93102,53331
,,,,1527,68442,28490,41099,53376,91156,54018,148367,93102,53331
,,,,1528,68442,28490,41099,53376,91156,54018,148367,93102,53331
,,,,1529,68442,28490,41099,53376,91156,54018,148367,93102,53331
,,,,1530,68442,28490,41099,53376,91156,54018,148367,93102,53331
,,,,1531,68442,28490,41099,53376,91156,54018,148367,93102,53331
,,,,1532,68442,28490,41099,53376,91156,54018,148367,93102,53331
,,,,1533,68442,28490,41099,53376,91156,54018,148367,93102,53331
,,,,1534,68442,28490,41099,53376,91156,54018,148367,93102,53331
,,,,1535,68442,28490,41099,53376,91156,54018,148367,93102,53331
,,,,1536,68442,28490,41099,53376,91156,54018,148367,93102,53331
,,,,1537,68442,28490,41099,53376,91156,54018,148367,93102,53331
,,,,1538,68442,28490,41099,53376,91156,54018,148367,93102,53331
,,,,1539,68442,28490,41099,53376,91156,54018,148367,93102,53331
,,,,1540,68442,28490,41099,53376,91156,54018,148367,93102,53331
,,,,1541,68442,28490,41099,53376,91156,54018,148367,93102,53331
,,,,1542,68442,28490,41099,53376,91156,54018,148367,93102,53331
,,,,1543,68442,28490,41099,53376,91156,54018,148367,93102,53331
,,,,1544,68442,28490,41099,53376,91156,54018,148367,93102,53331
,,,,1545,68442,28490,41099,53376,91156,54018,148367,93102,53331
,,,,1546,68442,28490,41099,53376,91156,54018,148367,93102,53331
,,,,1547,68442,28490,41099,53376,91156,54018,148367,93102,53331
,,,,1548,68442,28490,41099,53376,91156,54018,148367,93102,53331
,,,,1549,68442,28490,41099,53376,91156,54018,148367,93102,53331
,,,,1550,68442,28490,41099,53376,91156,54018,148367,93102,53331
,,,,1551,68442,28490,41099,53376,91156,54018,148367,93102,53331
,,,,1552,68442,28490,41099,53376,91156,54018,148367,93102,53331
,,,,1553,68442,28490,41099,53376,91156,54018,148367,93102,53331
,,,,1554,68442,28490,41099,53376,91156,54018,148367,93102,53331
,,,,1555,68442,28490,41099,53376,91156,54018,148367,93102,53331
,,,,1556,68442,28490,41099,53376,91156,54018,148367,93102,53331
,,,,1557,68442,28490,41099,53376,91156,54018,148367,93102,53331
,,,,1558,68442,28490,41099,53376,91156,54018,148367,93102,53331
,,,,1559,68442,28490,41099,53376,91156,54018,148367,93102,53331
,,,,1560,68442,28490,41099,53376,91156,54018,148367,93102,53331
,,,,1561,68442,28490,41099,53376,91156,54018,148367,93102,53331
,,,,1562,68442,28490,41099,53376,91156,54018,148367,93102,53331
,,,,1563,68442,28490,41099,53376,91156,54018,148367,93102,53331
,,,,1564,68442,28490,41099,53376,91156,54018,148367,93102,53331
,,,,1565,68442,28490,41099,53376,91156,54018,148367,93102,53331
,,,,1566,68442,28490,41099,53376,91156,54018,148367,93102,53331
,,,,1567,68442,28490,41099,53376,91156,54018,148367,93102,53331
,,,,1568,68442,28490,41099,53376,91156,54018,148367,93102,53331
,,,,1569,68442,28490,41099,53376,91156,54018,148367,93102,53331
,,,,1570,68442,28490,41099,53376,91156,54018,148367,93102,53331
,,,,1571,68442,28490,41099,53376,91156,54018,148367,93102,53331
,,,,1572,68442,28490,41099,53376,91156,54018,148367,93102,53331
,,,,1573,68442,28490,41099,53376,91156,54018,148367,93102,53331
,,,,1574,68442,28490,41099,53376,91156,54018,148367,93102,53331
,,,,1575,68442,28490,41099,53376,91156,54018,148367,93102,53331
,,,,1576,68442,28490,41099,53376,91156,54018,148367,93102,53331
,,,,1577,68442,28490,41099,53376,91156,54018,148367,93102,53331
,,,,1578,68442,28490,41099,53376,91156,54018,148367,93102,53331
,,,,1579,68442,28490,41099,53376,91156,54018,148367,93102,53331
,,,,1580,68442,28490,41099,53376,91156,54018,148367,93102,53331
,,,,1581,68442,28490,41099,53376,91156,54018,148367,93102,53331
,,,,1582,68442,28490,41099,53376,91156,54018,148367,93102,53331
,,,,1583,68442,28490,41099,53376,91156,54018,148367,93102,53331
,,,,1584,68442,28490,41099,53376,91156,54018,148367,93102,53331
,,,,1585,68442,28490,41099,53376,91156,54018,148367,93102,53331
,,,,1586,68442,28490,41099,53376,91156,54018,148367,93102,53331
,,,,1587,68442,28490,41099,53376,91156,54018,148367,93102,53331
,,,,1588,68442,28490,41099,53376,91156,54018,148367,93102,53331
,,,,1589,68442,28490,41099,53376,91156,54018,148367,93102,53331
,,,,1590,68442,28490,41099,53376,91156,54018,148367,93102,53331
,,,,1591,68442,28490,41099,53376,91156,54018,148367,93102,53331
,,,,1592,68442,28490,41099,53376,91156,54018,148367,93102,53331
,,,,1593,68442,28490,41099,53376,91156,54018,148367,93102,53331
,,,,1594,68442,28490,41099,53376,91156,54018,148367,93102,53331
,,,,1595,68442,28490,41099,53376,91156,54018,148367,93102,53331
,,,,1596,68442,28490,41099,53376,91156,54018,148367,93102,53331
,,,,1597,68442,28490,41099,53376,91156,54018,148367,93102,53331
,,,,1598,68442,28490,41099,53376,91156,54018,148367,93102,53331
,,,,1599,68442,28490,41099,53376,91156,54018,148367,93102,53331
,,,,1600,68442,28490,41099,53376,91156,54018,148367,93102,53331
,,,,1601,68442,28490,41099,53376,91156,54018,148367,93102,53331
,,,,1602,68442,28490,41099,53376,91156,54018,148367,93102,53331
,,,,1603,68442,28490,41099,53376,91156,54018,148367,93102,53331
,,,,1604,68442,28490,41099,53376,91156,54018,148367,93102,53331
,,,,1605,68442,28490,41099,53376,91156,54018,148367,93102,53331
,,,,1606,68442,28490,41099,53376,91156,54018,148367,93102,53331
,,,,1607,68442,28490,41099,53376,91156,54018,148367,93102,53331
,,,,1608,68442,28490,41099,53376,91156,54018,148367,93102,53331
,,,,1609,68442,28490,41099,53376,91156,54018,148367,93102,53331
,,,,1610,68442,28490,41099,53376,91156,54018,148367,93102,53331
,,,,1611,68442,28490,41099,53376,91156,54018,148367,93102,53331
,,,,1612,68442,28490,41099,53376,91156,54018,148367,93102,53331
,,,,1613,68442,28490,41099,53376,91156,54018,148367,93102,53331
,,,,1614,68442,28490,41099,53376,91156,54018,148367,93102,53331
,,,,1615,68442,28490,41099,53376,91156,54018,148367,93102,53331
,,,,1616,68442,28490,41099,53376,91156,54018,148367,93102,53331
,,,,1617,68442,28490,41099,53376,91156,54018,148367,93102,53331
,,,,1618,68442,28490,41099,53376,91156,54018,148367,93102,53331
,,,,1619,68442,28490,41099,53376,91156,54018,148367,93102,53331
,,,,1620,68442,28490,41099,53376,91156,54018,148367,93102,53331
,,,,1621,68442,28490,41099,53376,91156,54018,148367,93102,53331
,,,,1622,68442,28490,41099,53376,91156,54018,148367,93102,53331
,,,,1623,68442,28490,41099,53376,91156,54018,148367,93102,53331
,,,,1624,68442,28490,41099,53376,91156,54018,148367,93102,53331
,,,,1625,68442,28490,41099,53376,91156,54018,148367,93102,53331
,,,,1626,68442,28490,41099,53376,91156,54018,148367,93102,53331
,,,,1627,68442,28490,41099,53376,91156,54018,148367,93102,53331
,,,,1628,68442,28490,41099,53376,91156,54018,148367,93102,53331
,,,,1629,68442,28490,41099,53376,91156,54018,148367,93102,53331
,,,,1630,68442,28490,41099,53376,91156,54018,148367,93102,53331
,,,,1631,68442,28490,41099,53376,91156,54018,148367,93102,53331
,,,,1632,68442,28490,41099,53376,91156,54018,148367,93102,53331
,,,,1633,68442,28490,41099,53376,91156,54018,148367,93102,53331
,,,,1634,68442,28490,41099,53376,91156,54018,148367,93102,53331
,,,,1635,68442,28490,41099,53376,91156,54018,148367,93102,53331
,,,,1636,68442,28490,41099,53376,91156,54018,148367,93102,53331
,,,,1637,68442,28490,41099,53376,91156,54018,148367,93102,53331
,,,,1638,68442,28490,41099,53376,91156,54018,148367,93102,53331
,,,,1639,68442,28490,41099,53376,91156,54018,148367,93102,53331
,,,,1640,68442,28490,41099,53376,91156,54018,148367,93102,53331
,,,,1641,68442,28490,41099,53376,91156,54018,148367,93102,53331
,,,,1642,68442,28490,41099,53376,91156,54018,148367,93102,53331
,,,,1643,68442,28490,41099,53376,91156,54018,148367,93102,53331
,,,,1644,68442,28490,41099,53376,91156,54018,148367,93102,53331
,,,,1645,68442,28490,41099,53376,91156,54018,148367,93102,53331
,,,,1646,68442,28490,41099,53376,91156,54018,148367,93102,53331
,,,,1647,68442,28490,41099,53376,91156,54018,148367,93102,53331
,,,,1648,68442,28490,41099,53376,91156,54018,148367,93102,53331
,,,,1649,68442,28490,41099,53376,91156,54018,148367,93102,53331
,,,,1650,68442,28490,41099,53376,91156,54018,148367,93102,53331
,,,,1651,68442,28490,41099,53376,91156,54018,148367,93102,53331
,,,,1652,68442,28490,41099,53376,91156,54018,148367,93102,53331
,,,,1653,68442,28490,41099,53376,91156,54018,148367,93102,53331
,,,,1654,68442,28490,41099,53376,91156,54018,148367,93102,53331
,,,,1655,68442,28490,41099,53376,91156,54018,148367,93102,53331
,,,,1656,68442,28490,41099,53376,91156,54018,148367,93102,53331
,,,,1657,68442,28490,41099,53376,91156,54018,148367,93102,53331
,,,,1658,68442,28490,41099,53376,91156,54018,148367,93102,53331
,,,,1659,68442,28490,41099,53376,91156,54018,148367,93102,53331
,,,,1660,68442,28490,41099,53376,91156,54018,148367,93102,53331
,,,,1661,68442,28490,41099,53376,91156,54018,148367,93102,53331
,,,,1662,68442,28490,41099,53376,91156,54018,148367,93102,53331
,,,,1663,68442,28490,41099,53376,91156,54018,148367,93102,53331
,,,,1664,68442,28490,41099,53376,91156,54018,148367,93102,53331
,,,,1665,68442,28490,41099,53376,91156,54018,148367,93102,53331
,,,,1666,68442,28490,41099,53376,91156,54018,148367,93102,53331
,,,,1667,68442,28490,41099,53376,91156,54018,148367,93102,53331
,,,,1668,68442,28490,41099,53376,91156,54018,148367,93102,53331
,,,,1669,68442,28490,41099,53376,91156,54018,148367,93102,53331
,,,,1670,68442,28490,41099,53376,91156,54018,148367,93102,53331
,,,,1671,68442,28490,41099,53376,91156,54018,148367,93102,53331
,,,,1672,68442,28490,41099,53376,91156,54018,148367,93102,53331
,,,,1673,68442,28490,41099,53376,91156,54018,148367,93102,53331
,,,,1674,68442,28490,41099,53376,91156,54018,148367,93102,53331
,,,,1675,68442,28490,41099,53376,91156,54018,148367,93102,53331
,,,,1676,68442,28490,41099,53376,91156,54018,148367,93102,53331
,,,,1677,68442,28490,41099,53376,91156,54018,148367,93102,53331
,,,,1678,68442,28490,41099,53376,91156,54018,148367,93102,53331
,,,,1679,68442,28490,41099,53376,91156,54018,148367,93102,53331
,,,,1680,68442,28490,41099,53376,91156,54018,148367,93102,53331
,,,,1681,68442,28490,41099,53376,91156,54018,148367,93102,53331
,,,,1682,68442,28490,41099,53376,91156,54018,148367,93102,53331
,,,,1683,68442,28490,41099,53376,91156,54018,148367,93102,53331
,,,,1684,68442,28490,41099,53376,91156,54018,148367,93102,53331
,,,,1685,68442,28490,41099,53376,91156,54018,148367,93102,53331
,,,,1686,68442,28490,41099,53376,91156,54018,148367,93102,53331
,,,,1687,68442,28490,41099,53376,91156,54018,148367,93102,53331
,,,,1688,68442,28490,41099,53376,91156,54018,148367,93102,53331
,,,,1689,68442,28490,41099,53376,91156,54018,148367,93102,53331
,,,,1690,68442,28490,41099,53376,91156,54018,148367,93102,53331
,,,,1691,68442,28490,41099,53376,91156,54018,148367,93102,53331
,,,,1692,68442,28490,41099,53376,91156,54018,148367,93102,53331
,,,,1693,68442,28490,41099,53376,91156,54018,148367,93102,53331
,,,,1694,68442,28490,41099,53376,91156,54018,148367,93102,53331
,,,,1695,68442,28490,41099,53376,91156,54018,148367,93102,53331
,,,,1696,68442,28490,41099,53376,91156,54018,148367,93102,53331
,,,,1697,68442,28490,41099,53376,91156,54018,148367,93102,53331
,,,,1698,68442,28490,41099,53376,91156,54018,148367,93102,53331
,,,,1699,68442,28490,41099,53376,91156,54018,148367,93102,53331
,,,,1700,68442,28490,41099,53376,91156,54018,148367,93102,53331
,,,,1701,68442,28490,41099,53376,91156,54018,148367,93102,53331
,,,,1702,68442,28490,41099,53376,91156,54018,148367,93102,53331
,,,,1703,68442,28490,41099,53376,91156,54018,148367,93102,53331
,,,,1704,68442,28490,41099,53376,91156,54018,148367,93102,53331
,,,,1705,68442,28490,41099,53376,91156,54018,148367,93102,53331
,,,,1706,68442,28490,41099,53376,91156,54018,148367,93102,53331
,,,,1707,68442,28490,41099,53376,91156,54018,148367,93102,53331
,,,,1708,68442,28490,41099,53376,91156,54018,148367,93102,53331
,,,,1709,68442,28490,41099,53376,91156,54018,148367,93102,53331
,,,,1710,68442,28490,41099,53376,91156,54018,148367,93102,53331
,,,,1711,68442,28490,41099,53376,91156,54018,148367,93102,53331
,,,,1712,68442,28490,41099,53376,91156,54018,148367,93102,53331
,,,,1713,68442,28490,41099,53376,91156,54018,148367,93102,53331
,,,,1714,68442,28490,41099,53376,91156,54018,148367,93102,53331
,,,,1715,68442,28490,41099,53376,91156,54018,148367,93102,53331
,,,,1716,68442,28490,41099,53376,91156,54018,148367,93102,53331
,,,,1717,68442,28490,41099,53376,91156,54018,148367,93102,53331
,,,,1718,68442,28490,41099,53376,91156,54018,148367,93102,53331
,,,,1719,68442,28490,41099,53376,91156,54018,148367,93102,53331
,,,,1720,68442,28490,41099,53376,91156,54018,148367,93102,53331
,,,,1721,68442,28490,41099,53376,91156,54018,148367,93102,53331
,,,,1722,68442,28490,41099,53376,91156,54018,148367,93102,53331
,,,,1723,68442,28490,41099,53376,91156,54018,148367,93102,53331
,,,,1724,68442,28490,41099,53376,91156,54018,148367,93102,53331
,,,,1725,68442,28490,41099,53376,91156,54018,148367,93102,53331
,,,,1726,68442,28490,41099,53376,91156,54018,148367,93102,53331
,,,,1727,68442,28490,41099,53376,91156,54018,148367,93102,53331
,,,,1728,68442,28490,41099,53376,91156,54018,148367,93102,53331
,,,,1729,68442,28490,41099,53376,91156,54018,148367,93102,53331
,,,,1730,68442,28490,41099,53376,91156,54018,148367,93102,53331
,,,,1731,68442,28490,41099,53376,91156,54018,148367,93102,53331
,,,,1732,68442,28490,41099,53376,91156,54018,148367,93102,53331
,,,,1733,68442,28490,41099,53376,91156,54018,148367,93102,53331
,,,,1734,68442,28490,41099,53376,91156,54018,148367,93102,53331
,,,,1735,68442,28490,41099,53376,91156,54018,148367,93102,53331
,,,,1736,68442,28490,41099,53376,91156,54018,148367,93102,53331
,,,,1737,68442,28490,41099,53376,91156,54018,148367,93102,53331
,,,,1738,68442,28490,41099,53376,91156,54018,148367,93102,53331
,,,,1739,68442,28490,41099,53376,91156,54018,148367,93102,53331
,,,,1740,68442,28490,41099,53376,91156,54018,148367,93102,53331
,,,,1741,68442,28490,41099,53376,91156,54018,148367,93102,53331
,,,,1742,68442,28490,41099,53376,91156,54018,148367,93102,53331
,,,,1743,68442,28490,41099,53376,91156,54018,148367,93102,53331
,,,,1744,68442,28490,41099,53376,91156,54018,148367,93102,53331
,,,,1745,68442,28490,41099,53376,91156,54018,148367,93102,53331
,,,,1746,68442,28490,41099,53376,91156,54018,148367,93102,53331
,,,,1747,68442,28490,41099,53376,91156,54018,148367,93102,53331
,,,,1748,68442,28490,41099,53376,91156,54018,148367,93102,53331
,,,,1749,68442,28490,41099,53376,91156,54018,148367,93102,53331
,,,,1750,68442,28490,41099,53376,91156,54018,148367,93102,53331
,,,,1751,68442,28490,41099,53376,91156,54018,148367,93102,53331
,,,,1752,68442,28490,41099,53376,91156,54018,148367,93102,53331
,,,,1753,68442,28490,41099,53376,91156,54018,148367,93102,53331
,,,,1754,68442,28490,41099,53376,91156,54018,148367,93102,53331
,,,,1755,68442,28490,41099,53376,91156,54018,148367,93102,53331
,,,,1756,68442,28490,41099,53376,91156,54018,148367,93102,53331
,,,,1757,68442,28490,41099,53376,91156,54018,148367,93102,53331
,,,,1758,68442,28490,41099,53376,91156,54018,148367,93102,53331
,,,,1759,68442,28490,41099,53376,91156,54018,148367,93102,53331
,,,,1760,68442,28490,41099,53376,91156,54018,148367,93102,53331
,,,,1761,68442,28490,41099,53376,91156,54018,148367,93102,53331
,,,,1762,68442,28490,41099,53376,91156,54018,148367,93102,53331
,,,,1763,68442,28490,41099,53376,91156,54018,148367,93102,53331
,,,,1764,68442,28490,41099,53376,91156,54018,148367,93102,53331
,,,,1765,68442,28490,41099,53376,91156,54018,148367,93102,53331
,,,,1766,68442,28490,41099,53376,91156,54018,148367,93102,53331
,,,,1767,68442,28490,41099,53376,91156,54018,148367,93102,53331
,,,,1768,68442,28490,41099,53376,91156,54018,148367,93102,53331
,,,,1769,68442,28490,41099,53376,91156,54018,148367,93102,53331
,,,,1770,68442,28490,41099,53376,91156,54018,148367,93102,53331
,,,,1771,68442,28490,41099,53376,91156,54018,148367,93102,53331
,,,,1772,68442,28490,41099,53376,91156,54018,148367,93102,53331
,,,,1773,68442,28490,41099,53376,91156,54018,148367,93102,53331
,,,,1774,68442,28490,41099,53376,91156,54018,148367,93102,53331
,,,,1775,68442,28490,41099,53376,91156,54018,148367,93102,53331
,,,,1776,68442,28490,41099,53376,91156,54018,148367,93102,53331
,,,,1777,68442,28490,41099,53376,91156,54018,148367,93102,53331
,,,,1778,68442,28490,41099,53376,91156,54018,148367,93102,53331
,,,,1779,68442,28490,41099,53376,91156,54018,148367,93102,53331
,,,,1780,68442,28490,41099,53376,91156,54018,148367,93102,53331
,,,,1781,68442,28490,41099,53376,91156,54018,148367,93102,53331
,,,,1782,68442,28490,41099,53376,91156,54018,148367,93102,53331
,,,,1783,68442,28490,41099,53376,91156,54018,148367,93102,53331
,,,,1784,68442,28490,41099,53376,91156,54018,148367,93102,53331
,,,,1785,68442,28490,41099,53376,91156,54018,148367,93102,53331
,,,,1786,68442,28490,41099,53376,91156,54018,148367,93102,53331
,,,,1787,68442,28490,41099,53376,91156,54018,148367,93102,53331
,,,,1788,68442,28490,41099,53376,91156,54018,148367,93102,53331
,,,,1789,68442,28490,41099,53376,91156,54018,148367,93102,53331
,,,,1790,68442,28490,41099,53376,91156,54018,148367,93102,53331
,,,,1791,68442,28490,41099,53376,91156,54018,148367,93102,53331
,,,,1792,68442,28490,41099,53376,91156,54018,148367,93102,53331
,,,,1793,68442,28490,41099,53376,91156,54018,148367,93102,53331
,,,,1794,68442,28490,41099,53376,91156,54018,148367,93102,53331
,,,,1795,68442,28490,41099,53376,91156,54018,148367,93102,53331
,,,,1796,68442,28490,41099,53376,91156,54018,148367,93102,53331
,,,,1797,68442,28490,41099,53376,91156,54018,148367,93102,53331
,,,,1798,68442,28490,41099,53376,91156,54018,148367,93102,53331
,,,,1799,68442,28490,41099,53376,91156,54018,148367,93102,53331
,,,,1800,68442,28490,41099,53376,91156,54018,148367,93102,53331
,,,,1801,68442,28490,41099,53376,91156,54018,148367,93102,53331
,,,,1802,68442,28490,41099,53376,91156,54018,148367,93102,53331
,,,,1803,68442,28490,41099,53376,91156,54018,148367,93102,53331
,,,,1804,68442,28490,41099,53376,91156,54018,148367,93102,53331
,,,,1805,68442,28490,41099,53376,91156,54018,148367,93102,53331
,,,,1806,68442,28490,41099,53376,91156,54018,148367,93102,53331
,,,,1807,68442,28490,41099,53376,91156,54018,148367,93102,53331
,,,,1808,68442,28490,41099,53376,91156,54018,148367,93102,53331
,,,,1809,68442,28490,41099,53376,91156,54018,148367,93102,53331
,,,,1810,68442,28490,41099,53376,91156,54018,148367,93102,53331
,,,,1811,68442,28490,41099,53376,91156,54018,148367,93102,53331
,,,,1812,68442,28490,41099,53376,91156,54018,148367,93102,53331
,,,,1813,68442,28490,41099,53376,91156,54018,148367,93102,53331
,,,,1814,68442,28490,41099,53376,91156,54018,148367,93102,53331
,,,,1815,68442,28490,41099,53376,91156,54018,148367,93102,53331
,,,,1816,68442,28490,41099,53376,91156,54018,148367,93102,53331
,,,,1817,68442,28490,41099,53376,91156,54018,148367,93102,53331
,,,,1818,68442,28490,41099,53376,91156,54018,148367,93102,53331
,,,,1819,68442,28490,41099,53376,91156,54018,148367,93102,53331
,,,,1820,68442,28490,41099,53376,91156,54018,148367,93102,53331
,,,,1821,68442,28490,41099,53376,91156,54018,148367,93102,53331
,,,,1822,68442,28490,41099,53376,91156,54018,148367,93102,53331
,,,,1823,68442,28490,41099,53376,91156,54018,148367,93102,53331
,,,,1824,68442,28490,41099,53376,91156,54018,148367,93102,53331
,,,,1825,68442,28490,41099,53376,91156,54018,148367,93102,53331
,,,,1826,68442,28490,41099,53376,91156,54018,148367,93102,53331
,,,,1827,68442,28490,41099,53376,91156,54018,148367,93102,53331
,,,,1828,68442,28490,41099,53376,91156,54018,148367,93102,53331
,,,,1829,68442,28490,41099,53376,91156,54018,148367,93102,53331
,,,,1830,68442,28490,41099,53376,91156,54018,148367,93102,53331
,,,,1831,68442,28490,41099,53376,91156,54018,148367,93102,53331
,,,,1832,68442,28490,41099,53376,91156,54018,148367,93102,53331
,,,,1833,68442,28490,41099,53376,91156,54018,148367,93102,53331
,,,,1834,68442,28490,41099,53376,91156,54018,148367,93102,53331
,,,,1835,68442,28490,41099,53376,91156,54018,148367,93102,53331
,,,,1836,68442,28490,41099,53376,91156,54018,148367,93102,53331
,,,,1837,68442,28490,41099,53376,91156,54018,148367,93102,53331
,,,,1838,68442,28490,41099,53376,91156,54018,148367,93102,53331
,,,,1839,68442,28490,41099,53376,91156,54018,148367,93102,53331
,,,,1840,68442,28490,41099,53376,91156,54018,148367,93102,53331
,,,,1841,68442,28490,41099,53376,91156,54018,148367,93102,53331
,,,,1842,68442,28490,41099,53376,91156,54018,148367,93102,53331
,,,,1843,68442,28490,41099,53376,91156,54018,148367,93102,53331
,,,,1844,68442,28490,41099,53376,91156,54018,148367,93102,53331
,,,,1845,68442,28490,41099,53376,91156,54018,148367,93102,53331
,,,,1846,68442,28490,41099,53376,91156,54018,148367,93102,53331
,,,,1847,68442,28490,41099,53376,91156,54018,148367,93102,53331
,,,,1848,68442,28490,41099,53376,91156,54018,148367,93102,53331
,,,,1849,68442,28490,41099,53376,91156,54018,148367,93102,53331
,,,,1850,68442,28490,41099,53376,91156,54018,148367,93102,53331
,,,,1851,68442,28490,41099,53376,91156,54018,148367,93102,53331
,,,,1852,68442,28490,41099,53376,91156,54018,148367,93102,53331
,,,,1853,68442,28490,41099,53376,91156,54018,148367,93102,53331
,,,,1854,68442,28490,41099,53376,91156,54018,148367,93102,53331
,,,,1855,68442,28490,41099,53376,91156,54018,148367,93102,53331
,,,,1856,68442,28490,41099,53376,91156,54018,148367,93102,53331
,,,,1857,68442,28490,41099,53376,91156,54018,148367,93102,53331
,,,,1858,68442,28490,41099,53376,91156,54018,148367,93102,53331
,,,,1859,68442,28490,41099,53376,91156,54018,148367,93102,53331
,,,,1860,68442,28490,41099,53376,91156,54018,148367,93102,53331
,,,,1861,68442,28490,41099,53376,91156,54018,148367,93102,53331
,,,,1862,68442,28490,41099,53376,91156,54018,148367,93102,53331
,,,,1863,68442,28490,41099,53376,91156,54018,148367,93102,53331
,,,,1864,68442,28490,41099,53376,91156,54018,148367,93102,53331
,,,,1865,68442,28490,41099,53376,91156,54018,148367,93102,53331
,,,,1866,68442,28490,41099,53376,91156,54018,148367,93102,53331
,,,,1867,68442,28490,41099,53376,91156,54018,148367,93102,53331
,,,,1868,68442,28490,41099,53376,91156,54018,148367,93102,53331
,,,,1869,68442,28490,41099,53376,91156,54018,148367,93102,53331
,,,,1870,68442,28490,41099,53376,91156,54018,148367,93102,53331
,,,,1871,68442,28490,41099,53376,91156,54018,148367,93102,53331
,,,,1872,68442,28490,41099,53376,91156,54018,148367,93102,53331
,,,,1873,68442,28490,41099,53376,91156,54018,148367,93102,53331
,,,,1874,68442,28490,41099,53376,91156,54018,148367,93102,53331
,,,,1875,68442,28490,41099,53376,91156,54018,148367,93102,53331
,,,,1876,68442,28490,41099,53376,91156,54018,148367,93102,53331
,,,,1877,68442,28490,41099,53376,91156,54018,148367,93102,53331
,,,,1878,68442,28490,41099,53376,91156,54018,148367,93102,53331
,,,,1879,68442,28490,41099,53376,91156,54018,148367,93102,53331
,,,,1880,68442,28490,41099,53376,91156,54018,148367,93102,53331
,,,,1881,68442,28490,41099,53376,91156,54018,148367,93102,53331
,,,,1882,68442,28490,41099,53376,91156,54018,148367,93102,53331
,,,,1883,68442,28490,41099,53376,91156,54018,148367,93102,53331
,,,,1884,68442,28490,41099,53376,91156,54018,148367,93102,53331
,,,,1885,68442,28490,41099,53376,91156,54018,148367,93102,53331
,,,,1886,68442,28490,41099,53376,91156,54018,148367,93102,53331
,,,,1887,68442,28490,41099,53376,91156,54018,148367,93102,53331
,,,,1888,68442,28490,41099,53376,91156,54018,148367,93102,53331
,,,,1889,68442,28490,41099,53376,91156,54018,148367,93102,53331
,,,,1890,68442,28490,41099,53376,91156,54018,148367,93102,53331
,,,,1891,68442,28490,41099,53376,91156,54018,148367,93102,53331
,,,,1892,68442,28490,41099,53376,91156,54018,148367,93102,53331
,,,,1893,68442,28490,41099,53376,91156,54018,148367,93102,53331
,,,,1894,68442,28490,41099,53376,91156,54018,148367,93102,53331
,,,,1895,68442,28490,41099,53376,91156,54018,148367,93102,53331
,,,,1896,68442,28490,41099,53376,91156,54018,148367,93102,53331
,,,,1897,68442,28490,41099,53376,91156,54018,148367,93102,53331
,,,,1898,68442,28490,41099,53376,91156,54018,148367,93102,53331
,,,,1899,68442,28490,41099,53376,91156,54018,148367,93102,53331
,,,,1900,68442,28490,41099,53376,91156,54018,148367,93102,53331
,,,,1901,68442,28490,41099,53376,91156,54018,148367,93102,53331
,,,,1902,68442,28490,41099,53376,91156,54018,148367,93102,53331
,,,,1903,68442,28490,41099,53376,91156,54018,148367,93102,53331
,,,,1904,68442,28490,41099,53376,91156,54018,148367,93102,53331
,,,,1905,68442,28490,41099,53376,91156,54018,148367,93102,53331
,,,,1906,68442,28490,41099,53376,91156,54018,148367,93102,53331
,,,,1907,68442,28490,41099,53376,91156,54018,148367,93102,53331
,,,,1908,68442,28490,41099,53376,91156,54018,148367,93102,53331
,,,,1909,68442,28490,41099,53376,91156,54018,148367,93102,53331
,,,,1910,68442,28490,41099,53376,91156,54018,148367,93102,53331
,,,,1911,68442,28490,41099,53376,91156,54018,148367,93102,53331
,,,,1912,68442,28490,41099,53376,91156,54018,148367,93102,53331
,,,,1913,68442,28490,41099,53376,91156,54018,148367,93102,53331
,,,,1914,68442,28490,41099,53376,91156,54018,148367,93102,53331
,,,,1915,68442,28490,41099,53376,91156,54018,148367,93102,53331
,,,,1916,68442,28490,41099,53376,91156,54018,148367,93102,53331
,,,,1917,68442,28490,41099,53376,91156,54018,148367,93102,53331
,,,,1918,68442,28490,41099,53376,91156,54018,148367,93102,53331
,,,,1919,68442,28490,41099,53376,91156,54018,148367,93102,53331
,,,,1920,68442,28490,41099,53376,91156,54018,148367,93102,53331
,,,,1921,68442,28490,41099,53376,91156,54018,148367,93102,53331
,,,,1922,68442,28490,41099,53376,91156,54018,148367,93102,53331
,,,,1923,68442,28490,41099,53376,91156,54018,148367,93102,53331
,,,,1924,68442,28490,41099,53376,91156,54018,148367,93102,53331
,,,,1925,68442,28490,41099,53376,91156,54018,148367,93102,53331
,,,,1926,68442,28490,41099,53376,91156,54018,148367,93102,53331
,,,,1927,68442,28490,41099,53376,91156,54018,148367,93102,53331
,,,,1928,68442,28490,41099,53376,91156,54018,148367,93102,53331
,,,,1929,68442,28490,41099,53376,91156,54018,148367,93102,53331
,,,,1930,68442,28490,41099,53376,91156,54018,148367,93102,53331
,,,,1931,68442,28490,41099,53376,91156,54018,148367,93102,53331
,,,,1932,68442,28490,41099,53376,91156,54018,148367,93102,53331
,,,,1933,68442,28490,41099,53376,91156,54018,148367,93102,53331
,,,,1934,68442,28490,41099,53376,91156,54018,148367,93102,53331
,,,,1935,68442,28490,41099,53376,91156,54018,148367,93102,53331
,,,,1936,68442,28490,41099,53376,91156,54018,148367,93102,53331
,,,,1937,68442,28490,41099,53376,91156,54018,148367,93102,53331
,,,,1938,68442,28490,41099,53376,91156,54018,148367,93102,53331
,,,,1939,68442,28490,41099,53376,91156,54018,148367,93102,53331
,,,,1940,68442,28490,41099,53376,91156,54018,148367,93102,53331
,,,,1941,68442,28490,41099,53376,91156,54018,148367,93102,53331
,,,,1942,68442,28490,41099,53376,91156,54018,148367,93102,53331
,,,,1943,68442,28490,41099,53376,91156,54018,148367,93102,53331
,,,,1944,68442,28490,41099,53376,91156,54018,148367,93102,53331
,,,,1945,68442,28490,41099,53376,91156,54018,148367,93102,53331
,,,,1946,68442,28490,41099,53376,91156,54018,148367,93102,53331
,,,,1947,68442,28490,41099,53376,91156,54018,148367,93102,53331
,,,,1948,68442,28490,41099,53376,91156,54018,148367,93102,53331
,,,,1949,68442,28490,41099,53376,91156,54018,148367,93102,53331
,,,,1950,68442,28490,41099,53376,91156,54018,148367,93102,53331
,,,,1951,68442,28490,41099,53376,91156,54018,148367,93102,53331
,,,,1952,68442,28490,41099,53376,91156,54018,148367,93102,53331
,,,,1953,68442,28490,41099,53376,91156,54018,148367,93102,53331
,,,,1954,68442,28490,41099,53376,91156,54018,148367,93102,53331
,,,,1955,68442,28490,41099,53376,91156,54018,148367,93102,53331
,,,,1956,68442,28490,41099,53376,91156,54018,148367,93102,53331
,,,,1957,68442,28490,41099,53376,91156,54018,148367,93102,53331
,,,,1958,68442,28490,41099,53376,91156,54018,148367,93102,53331
,,,,1959,68442,28490,41099,53376,91156,54018,148367,93102,53331
,,,,1960,68442,28490,41099,53376,91156,54018,148367,93102,53331
,,,,1961,68442,28490,41099,53376,91156,54018,148367,93102,53331
,,,,1962,68442,28490,41099,53376,91156,54018,148367,93102,53331
,,,,1963,68442,28490,41099,53376,91156,54018,148367,93102,53331
,,,,1964,68442,28490,41099,53376,91156,54018,148367,93102,53331
,,,,1965,68442,28490,41099,53376,91156,54018,148367,93102,53331
,,,,1966,68442,28490,41099,53376,91156,54018,148367,93102,53331
,,,,1967,68442,28490,41099,53376,91156,54018,148367,93102,53331
,,,,1968,68442,28490,41099,53376,91156,54018,148367,93102,53331
,,,,1969,68442,28490,41099,53376,91156,54018,148367,93102,53331
,,,,1970,68442,28490,41099,53376,91156,54018,148367,93102,53331
,,,,1971,68442,28490,41099,53376,91156,54018,148367,93102,53331
,,,,1972,68442,28490,41099,53376,91156,54018,148367,93102,53331
,,,,1973,68442,28490,41099,53376,91156,54018,148367,93102,53331
,,,,1974,68442,28490,41099,53376,91156,54018,148367,93102,53331
,,,,1975,68442,28490,41099,53376,91156,54018,148367,93102,53331
,,,,1976,68442,28490,41099,53376,91156,54018,148367,93102,53331
,,,,1977,68442,28490,41099,53376,91156,54018,148367,93102,53331
,,,,1978,68442,28490,41099,53376,91156,54018,148367,93102,53331
,,,,1979,68442,28490,41099,53376,91156,54018,148367,93102,53331
,,,,1980,68442,28490,41099,53376,91156,54018,148367,93102,53331
,,,,1981,68442,28490,41099,53376,91156,54018,148367,93102,53331
,,,,1982,68442,28490,41099,53376,91156,54018,148367,93102,53331
,,,,1983,68442,28490,41099,53376,91156,54018,148367,93102,53331
,,,,1984,68442,28490,41099,53376,91156,54018,148367,93102,53331
,,,,1985,68442,28490,41099,53376,91156,54018,148367,93102,53331
,,,,1986,68442,28490,41099,53376,91156,54018,148367,93102,53331
,,,,1987,68442,28490,41099,53376,91156,54018,148367,93102,53331
,,,,1988,68442,28490,41099,53376,91156,54018,148367,93102,53331
,,,,1989,68442,28490,41099,53376,91156,54018,148367,93102,53331
,,,,1990,68442,28490,41099,53376,91156,54018,148367,93102,53331
,,,,1991,68442,28490,41099,53376,91156,54018,148367,93102,53331
,,,,1992,68442,28490,41099,53376,91156,54018,148367,93102,53331
,,,,1993,68442,28490,41099,53376,91156,54018,148367,93102,53331
,,,,1994,68442,28490,41099,53376,91156,54018,148367,93102,53331
,,,,1995,68442,28490,41099,53376,91156,54018,148367,93102,53331
,,,,1996,68442,28490,41099,53376,91156,54018,148367,93102,53331
,,,,1997,68442,28490,41099,53376,91156,54018,148367,93102,53331
,,,,1998,68442,28490,41099,53376,91156,54018,148367,93102,53331
,,,,1999,68442,28490,41099,53376,91156,54018,148367,93102,53331
,,,,2000,68442,28490,41099,53376,91156,54018,148367,93102,53331
,,,,2001,68442,28490,41099,53376,91156,54018,148367,93102,53331
,,,,2002,68442,28490,41099,53376,91156,54018,148367,93102,53331
,,,,2003,68442,28490,41099,53376,91156,54018,148367,93102,53331
,,,,2004,68442,28490,41099,53376,91156,54018,148367,93102,53331
,,,,2005,68442,28490,41099,53376,91156,54018,148367,93102,53331
,,,,2006,68442,28490,41099,53376,91156,54018,148367,93102,53331
,,,,2007,68442,28490,41099,53376,91156,54018,148367,93102,53331
,,,,2008,68442,28490,41099,53376,91156,54018,148367,93102,53331
,,,,2009,68442,28490,41099,53376,91156,54018,148367,93102,53331
,,,,2010,68442,28490,41099,53376,91156,54018,148367,93102,53331
,,,,2011,68442,28490,41099,53376,91156,54018,148367,93102,53331
,,,,2012,68442,28490,41099,53376,91156,54018,148367,93102,53331
,,,,2013,68442,28490,41099,53376,91156,54018,148367,93102,53331
,,,,2014,68442,28490,41099,53376,91156,54018,148367,93102,53331
,,,,2015,68442,28490,41099,53376,91156,54018,148367,93102,53331
,,,,2016,68442,28490,41099,53376,91156,54018,148367,93102,53331
,,,,2017,68442,28490,41099,53376,91156,54018,148367,93102,53331
,,,,2018,68442,28490,41099,53376,91156,54018,148367,93102,53331
,,,,2019,68442,28490,41099,53376,91156,54018,148367,93102,53331
,,,,2020,68442,28490,41099,53376,91156,54018,148367,93102,53331
,,,,2021,68442,28490,41099,53376,91156,54018,148367,93102,53331
,,,,2022,68442,28490,41099,53376,91156,54018,148367,93102,53331
,,,,2023,68442,28490,41099,53376,91156,54018,148367,93102,53331
,,,,2024,68442,28490,41099,53376,91156,54018,148367,93102,53331
,,,,2025,68442,28490,41099,53376,91156,54018,148367,93102,53331
,,,,2026,68442,28490,41099,53376,91156,54018,148367,93102,53331
,,,,2027,68442,28490,41099,53376,91156,54018,148367,93102,53331
,,,,2028,68442,28490,41099,53376,91156,54018,148367,93102,53331
,,,,2029,68442,28490,41099,53376,91156,54018,148367,93102,53331
,,,,2030,68442,28490,41099,53376,91156,54018,148367,93102,53331
,,,,2031,68442,28490,41099,53376,91156,54018,148367,93102,53331
,,,,2032,68442,28490,41099,53376,91156,54018,148367,93102,53331
,,,,2033,68442,28490,41099,53376,91156,54018,148367,93102,53331
,,,,2034,68442,28490,41099,53376,91156,54018,148367,93102,53331
,,,,2035,68442,28490,41099,53376,91156,54018,148367,93102,53331
,,,,2036,68442,28490,41099,53376,91156,54018,148367,93102,53331
,,,,2037,68442,28490,41099,53376,91156,54018,148367,93102,53331
,,,,2038,68442,28490,41099,53376,91156,54018,148367,93102,53331
,,,,2039,68442,28490,41099,53376,91156,54018,148367,93102,53331
,,,,2040,68442,28490,41099,53376,91156,54018,148367,93102,53331
,,,,2041,68442,28490,41099,53376,91156,54018,148367,93102,53331
,,,,2042,68442,28490,41099,53376,91156,54018,148367,93102,53331
,,,,2043,68442,28490,41099,53376,91156,54018,148367,93102,53331
,,,,2044,68442,28490,41099,53376,91156,54018,148367,93102,53331
,,,,2045,68442,28490,41099,53376,91156,54018,148367,93102,53331
,,,,2046,68442,28490,41099,53376,91156,54018,148367,93102,53331
,,,,2047,68442,28490,41099,53376,91156,54018,148367,93102,53331
,,,,2048,68442,28490,41099,53376,91156,54018,148367,93102,53331
,,,,2049,68442,28490,41099,53376,91156,54018,148367,93102,53331
,,,,2050,68442,28490,41099,53376,91156,54018,148367,93102,53331
,,,,2051,68442,28490,41099,53376,91156,54018,148367,93102,53331
,,,,2052,68442,28490,41099,53376,91156,54018,148367,93102,53331
,,,,2053,68442,28490,41099,53376,91156,54018,148367,93102,53331
,,,,2054,68442,28490,41099,53376,91156,54018,148367,93102,53331
,,,,2055,68442,28490,41099,53376,91156,54018,148367,93102,53331
,,,,2056,68442,28490,41099,53376,91156,54018,148367,93102,53331
,,,,2057,68442,28490,41099,53376,91156,54018,148367,93102,53331
,,,,2058,68442,28490,41099,53376,91156,54018,148367,93102,53331
,,,,2059,68442,28490,41099,53376,91156,54018,148367,93102,53331
,,,,2060,68442,28490,41099,53376,91156,54018,148367,93102,53331
,,,,2061,68442,28490,41099,53376,91156,54018,148367,93102,53331
,,,,2062,68442,28490,41099,53376,91156,54018,148367,93102,53331
,,,,2063,68442,28490,41099,53376,91156,54018,148367,93102,53331
,,,,2064,68442,28490,41099,53376,91156,54018,148367,93102,53331
,,,,2065,68442,28490,41099,53376,91156,54018,148367,93102,53331
,,,,2066,68442,28490,41099,53376,91156,54018,148367,93102,53331
,,,,2067,68442,28490,41099,53376,91156,54018,148367,93102,53331
,,,,2068,68442,28490,41099,53376,91156,54018,148367,93102,53331
,,,,2069,68442,28490,41099,53376,91156,54018,148367,93102,53331
,,,,2070,68442,28490,41099,53376,91156,54018,148367,93102,53331
,,,,2071,68442,28490,41099,53376,91156,54018,148367,93102,53331
,,,,2072,68442,28490,41099,53376,91156,54018,148367,93102,53331
,,,,2073,68442,28490,41099,53376,91156,54018,148367,93102,53331
,,,,2074,68442,28490,41099,53376,91156,54018,148367,93102,53331
,,,,2075,68442,28490,41099,53376,91156,54018,148367,93102,53331
,,,,2076,68442,28490,41099,53376,91156,54018,148367,93102,53331
,,,,2077,68442,28490,41099,53376,91156,54018,148367,93102,53331
,,,,2078,68442,28490,41099,53376,91156,54018,148367,93102,53331
,,,,2079,68442,28490,41099,53376,91156,54018,148367,93102,53331
,,,,2080,68442,28490,41099,53376,91156,54018,148367,93102,53331
,,,,2081,68442,28490,41099,53376,91156,54018,148367,93102,53331
,,,,2082,68442,28490,41099,53376,91156,54018,148367,93102,53331
,,,,2083,68442,28490,41099,53376,91156,54018,148367,93102,53331
,,,,2084,68442,28490,41099,53376,91156,54018,148367,93102,53331
,,,,2085,68442,28490,41099,53376,91156,54018,148367,93102,53331
,,,,2086,68442,28490,41099,53376,91156,54018,148367,93102,53331
,,,,2087,68442,28490,41099,53376,91156,54018,148367,93102,53331
,,,,2088,68442,28490,41099,53376,91156,54018,148367,93102,53331
,,,,2089,68442,28490,41099,53376,91156,54018,148367,93102,53331
,,,,2090,68442,28490,41099,53376,91156,54018,148367,93102,53331
,,,,2091,68442,28490,41099,53376,91156,54018,148367,93102,53331
,,,,2092,68442,28490,41099,53376,91156,54018,148367,93102,53331
,,,,2093,68442,28490,41099,53376,91156,54018,148367,93102,53331
,,,,2094,68442,28490,41099,53376,91156,54018,148367,93102,53331
,,,,2095,68442,28490,41099,53376,91156,54018,148367,93102,53331
,,,,2096,68442,28490,41099,53376,91156,54018,148367,93102,53331
,,,,2097,68442,28490,41099,53376,91156,54018,148367,93102,53331
,,,,2098,68442,28490,41099,53376,91156,54018,148367,93102,53331
,,,,2099,68442,28490,41099,53376,91156,54018,148367,93102,53331
,,,,2100,68442,28490,41099,53376,91156,54018,148367,93102,53331
,,,,2101,68442,28490,41099,53376,91156,54018,148367,93102,53331
,,,,2102,68442,28490,41099,53376,91156,54018,148367,93102,53331
,,,,2103,68442,28490,41099,53376,91156,54018,148367,93102,53331
,,,,2104,68442,28490,41099,53376,91156,54018,148367,93102,53331
,,,,2105,68442,28490,41099,53376,91156,54018,148367,93102,53331
,,,,2106,68442,28490,41099,53376,91156,54018,148367,93102,53331
,,,,2107,68442,28490,41099,53376,91156,54018,148367,93102,53331
,,,,2108,68442,28490,41099,53376,91156,54018,148367,93102,53331
,,,,2109,68442,28490,41099,53376,91156,54018,148367,93102,53331
,,,,2110,68442,28490,41099,53376,91156,54018,148367,93102,53331
,,,,2111,68442,28490,41099,53376,91156,54018,148367,93102,53331
,,,,2112,68442,28490,41099,53376,91156,54018,148367,93102,53331
,,,,2113,68442,28490,41099,53376,91156,54018,148367,93102,53331
,,,,2114,68442,28490,41099,53376,91156,54018,148367,93102,53331
,,,,2115,68442,28490,41099,53376,91156,54018,148367,93102,53331
,,,,2116,68442,28490,41099,53376,91156,54018,148367,93102,53331
,,,,2117,68442,28490,41099,53376,91156,54018,148367,93102,53331
,,,,2118,68442,28490,41099,53376,91156,54018,148367,93102,53331
,,,,2119,68442,28490,41099,53376,91156,54018,148367,93102,53331
,,,,2120,68442,28490,41099,53376,91156,54018,148367,93102,53331
,,,,2121,68442,28490,41099,53376,91156,54018,148367,93102,53331
,,,,2122,68442,28490,41099,53376,91156,54018,148367,93102,53331
,,,,2123,68442,28490,41099,53376,91156,54018,148367,93102,53331
,,,,2124,68442,28490,41099,53376,91156,54018,148367,93102,53331
,,,,2125,68442,28490,41099,53376,91156,54018,148367,93102,53331
,,,,2126,68442,28490,41099,53376,91156,54018,148367,93102,53331
,,,,2127,68442,28490,41099,53376,91156,54018,148367,93102,53331
,,,,2128,68442,28490,41099,53376,91156,54018,148367,93102,53331
,,,,2129,68442,28490,41099,53376,91156,54018,148367,93102,53331
,,,,2130,68442,28490,41099,53376,91156,54018,148367,93102,53331
,,,,2131,68442,28490,41099,53376,91156,54018,148367,93102,53331
,,,,2132,68442,28490,41099,53376,91156,54018,148367,93102,53331
,,,,2133,68442,28490,41099,53376,91156,54018,148367,93102,53331
,,,,2134,68442,28490,41099,53376,91156,54018,148367,93102,53331
,,,,2135,68442,28490,41099,53376,91156,54018,148367,93102,53331
,,,,2136,68442,28490,41099,53376,91156,54018,148367,93102,53331
,,,,2137,68442,28490,41099,53376,91156,54018,148367,93102,53331
,,,,2138,68442,28490,41099,53376,91156,54018,148367,93102,53331
,,,,2139,68442,28490,41099,53376,91156,54018,148367,93102,53331
,,,,2140,68442,28490,41099,53376,91156,54018,148367,93102,53331
,,,,2141,68442,28490,41099,53376,91156,54018,148367,93102,53331
,,,,2142,68442,28490,41099,53376,91156,54018,148367,93102,53331
,,,,2143,68442,28490,41099,53376,91156,54018,148367,93102,53331
,,,,2144,68442,28490,41099,53376,91156,54018,148367,93102,53331
,,,,2145,68442,28490,41099,53376,91156,54018,148367,93102,53331
,,,,2146,68442,28490,41099,53376,91156,54018,148367,93102,53331
,,,,2147,68442,28490,41099,53376,91156,54018,148367,93102,53331
,,,,2148,68442,28490,41099,53376,91156,54018,148367,93102,53331
,,,,2149,68442,28490,41099,53376,91156,54018,148367,93102,53331
,,,,2150,68442,28490,41099,53376,91156,54018,148367,93102,53331
,,,,2151,68442,28490,41099,53376,91156,54018,148367,93102,53331
,,,,2152,68442,28490,41099,53376,91156,54018,148367,93102,53331
,,,,2153,68442,28490,41099,53376,91156,54018,148367,93102,53331
,,,,2154,68442,28490,41099,53376,91156,54018,148367,93102,53331
,,,,2155,68442,28490,41099,53376,91156,54018,148367,93102,53331
,,,,2156,68442,28490,41099,53376,91156,54018,148367,93102,53331
,,,,2157,68442,28490,41099,53376,91156,54018,148367,93102,53331
,,,,2158,68442,28490,41099,53376,91156,54018,148367,93102,53331
,,,,2159,68442,28490,41099,53376,91156,54018,148367,93102,53331
,,,,2160,68442,28490,41099,53376,91156,54018,148367,93102,53331
,,,,2161,68442,28490,41099,53376,91156,54018,148367,93102,53331
,,,,2162,68442,28490,41099,53376,91156,54018,148367,93102,53331
,,,,2163,68442,28490,41099,53376,91156,54018,148367,93102,53331
,,,,2164,68442,28490,41099,53376,91156,54018,148367,93102,53331
,,,,2165,68442,28490,41099,53376,91156,54018,148367,93102,53331
,,,,2166,68442,28490,41099,53376,91156,54018,148367,93102,53331
,,,,2167,68442,28490,41099,53376,91156,54018,148367,93102,53331
,,,,2168,68442,28490,41099,53376,91156,54018,148367,93102,53331
,,,,2169,68442,28490,41099,53376,91156,54018,148367,93102,53331
,,,,2170,68442,28490,41099,53376,91156,54018,148367,93102,53331
,,,,2171,68442,28490,41099,53376,91156,54018,148367,93102,53331
,,,,2172,68442,28490,41099,53376,91156,54018,148367,93102,53331
,,,,2173,68442,28490,41099,53376,91156,54018,148367,93102,53331
,,,,2174,68442,28490,41099,53376,91156,54018,148367,93102,53331
,,,,2175,68442,28490,41099,53376,91156,54018,148367,93102,53331
,,,,2176,68442,28490,41099,53376,91156,54018,148367,93102,53331
,,,,2177,68442,28490,41099,53376,91156,54018,148367,93102,53331
,,,,2178,68442,28490,41099,53376,91156,54018,148367,93102,53331
,,,,2179,68442,28490,41099,53376,91156,54018,148367,93102,53331
,,,,2180,68442,28490,41099,53376,91156,54018,148367,93102,53331
,,,,2181,68442,28490,41099,53376,91156,54018,148367,93102,53331
,,,,2182,68442,28490,41099,53376,91156,54018,148367,93102,53331
,,,,2183,68442,28490,41099,53376,91156,54018,148367,93102,53331
,,,,2184,68442,28490,41099,53376,91156,54018,148367,93102,53331
,,,,2185,68442,28490,41099,53376,91156,54018,148367,93102,53331
,,,,2186,68442,28490,41099,53376,91156,54018,148367,93102,53331
,,,,2187,68442,28490,41099,53376,91156,54018,148367,93102,53331
,,,,2188,68442,28490,41099,53376,91156,54018,148367,93102,53331
,,,,2189,68442,28490,41099,53376,91156,54018,148367,93102,53331
,,,,2190,68442,28490,41099,53376,91156,54018,148367,93102,53331
,,,,2191,68442,28490,41099,53376,91156,54018,148367,93102,53331
,,,,2192,68442,28490,41099,53376,91156,54018,148367,93102,53331
,,,,2193,68442,28490,41099,53376,91156,54018,148367,93102,53331
,,,,2194,68442,28490,41099,53376,91156,54018,148367,93102,53331
,,,,2195,68442,28490,41099,53376,91156,54018,148367,93102,53331
,,,,2196,68442,28490,41099,53376,91156,54018,148367,93102,53331
,,,,2197,68442,28490,41099,53376,91156,54018,148367,93102,53331
,,,,2198,68442,28490,41099,53376,91156,54018,148367,93102,53331
,,,,2199,68442,28490,41099,53376,91156,54018,148367,93102,53331
,,,,2200,68442,28490,41099,53376,91156,54018,148367,93102,53331
,,,,2201,68442,28490,41099,53376,91156,54018,148367,93102,53331
,,,,2202,68442,28490,41099,53376,91156,54018,148367,93102,53331
,,,,2203,68442,28490,41099,53376,91156,54018,148367,93102,53331
,,,,2204,68442,28490,41099,53376,91156,54018,148367,93102,53331
,,,,2205,68442,28490,41099,53376,91156,54018,148367,93102,53331
,,,,2206,68442,28490,41099,53376,91156,54018,148367,93102,53331
,,,,2207,68442,28490,41099,53376,91156,54018,148367,93102,53331
,,,,2208,68442,28490,41099,53376,91156,54018,148367,93102,53331
,,,,2209,68442,28490,41099,53376,91156,54018,148367,93102,53331
,,,,2210,68442,28490,41099,53376,91156,54018,148367,93102,53331
,,,,2211,68442,28490,41099,53376,91156,54018,148367,93102,53331
,,,,2212,68442,28490,41099,53376,91156,54018,148367,93102,53331
,,,,2213,68442,28490,41099,53376,91156,54018,148367,93102,53331
,,,,2214,68442,28490,41099,53376,91156,54018,148367,93102,53331
,,,,2215,68442,28490,41099,53376,91156,54018,148367,93102,53331
,,,,2216,68442,28490,41099,53376,91156,54018,148367,93102,53331
,,,,2217,68442,28490,41099,53376,91156,54018,148367,93102,53331
,,,,2218,68442,28490,41099,53376,91156,54018,148367,93102,53331
,,,,2219,68442,28490,41099,53376,91156,54018,148367,93102,53331
,,,,2220,68442,28490,41099,53376,91156,54018,148367,93102,53331
,,,,2221,68442,28490,41099,53376,91156,54018,148367,93102,53331
,,,,2222,68442,28490,41099,53376,91156,54018,148367,93102,53331
,,,,2223,68442,28490,41099,53376,91156,54018,148367,93102,53331
,,,,2224,68442,28490,41099,53376,91156,54018,148367,93102,53331
,,,,2225,68442,28490,41099,53376,91156,54018,148367,93102,53331
,,,,2226,68442,28490,41099,53376,91156,54018,148367,93102,53331
,,,,2227,68442,28490,41099,53376,91156,54018,148367,93102,53331
,,,,2228,68442,28490,41099,53376,91156,54018,148367,93102,53331
,,,,2229,68442,28490,41099,53376,91156,54018,148367,93102,53331
,,,,2230,68442,28490,41099,53376,91156,54018,148367,93102,53331
,,,,2231,68442,28490,41099,53376,91156,54018,148367,93102,53331
,,,,2232,68442,28490,41099,53376,91156,54018,148367,93102,53331
,,,,2233,68442,28490,41099,53376,91156,54018,148367,93102,53331
,,,,2234,68442,28490,41099,53376,91156,54018,148367,93102,53331
,,,,2235,68442,28490,41099,53376,91156,54018,148367,93102,53331
,,,,2236,68442,28490,41099,53376,91156,54018,148367,93102,53331
,,,,2237,68442,28490,41099,53376,91156,54018,148367,93102,53331
,,,,2238,68442,28490,41099,53376,91156,54018,148367,93102,53331
,,,,2239,68442,28490,41099,53376,91156,54018,148367,93102,53331
,,,,2240,68442,28490,41099,53376,91156,54018,148367,93102,53331
,,,,2241,68442,28490,41099,53376,91156,54018,148367,93102,53331
,,,,2242,68442,28490,41099,53376,91156,54018,148367,93102,53331
,,,,2243,68442,28490,41099,53376,91156,54018,148367,93102,53331
,,,,2244,68442,28490,41099,53376,91156,54018,148367,93102,53331
,,,,2245,68442,28490,41099,53376,91156,54018,148367,93102,53331
,,,,2246,68442,28490,41099,53376,91156,54018,148367,93102,53331
,,,,2247,68442,28490,41099,53376,91156,54018,148367,93102,53331
,,,,2248,68442,28490,41099,53376,91156,54018,148367,93102,53331
,,,,2249,68442,28490,41099,53376,91156,54018,148367,93102,53331
,,,,2250,68442,28490,41099,53376,91156,54018,148367,93102,53331
,,,,2251,68442,28490,41099,53376,91156,54018,148367,93102,53331
,,,,2252,68442,28490,41099,53376,91156,54018,148367,93102,53331
,,,,2253,68442,28490,41099,53376,91156,54018,148367,93102,53331
,,,,2254,68442,28490,41099,53376,91156,54018,148367,93102,53331
,,,,2255,68442,28490,41099,53376,91156,54018,148367,93102,53331
,,,,2256,68442,28490,41099,53376,91156,54018,148367,93102,53331
,,,,2257,68442,28490,41099,53376,91156,54018,148367,93102,53331
,,,,2258,68442,28490,41099,53376,91156,54018,148367,93102,53331
,,,,2259,68442,28490,41099,53376,91156,54018,148367,93102,53331
,,,,2260,68442,28490,41099,53376,91156,54018,148367,93102,53331
,,,,2261,68442,28490,41099,53376,91156,54018,148367,93102,53331
,,,,2262,68442,28490,41099,53376,91156,54018,148367,93102,53331
,,,,2263,68442,28490,41099,53376,91156,54018,148367,93102,53331
,,,,2264,68442,28490,41099,53376,91156,54018,148367,93102,53331
,,,,2265,68442,28490,41099,53376,91156,54018,148367,93102,53331
,,,,2266,68442,28490,41099,53376,91156,54018,148367,93102,53331
,,,,2267,68442,28490,41099,53376,91156,54018,148367,93102,53331
,,,,2268,68442,28490,41099,53376,91156,54018,148367,93102,53331
,,,,2269,68442,28490,41099,53376,91156,54018,148367,93102,53331
,,,,2270,68442,28490,41099,53376,91156,54018,148367,93102,53331
,,,,2271,68442,28490,41099,53376,91156,54018,148367,93102,53331
,,,,2272,68442,28490,41099,53376,91156,54018,148367,93102,53331
,,,,2273,68442,28490,41099,53376,91156,54018,148367,93102,53331
,,,,2274,68442,28490,41099,53376,91156,54018,148367,93102,53331
,,,,2275,68442,28490,41099,53376,91156,54018,148367,93102,53331
,,,,2276,68442,28490,41099,53376,91156,54018,148367,93102,53331
,,,,2277,68442,28490,41099,53376,91156,54018,148367,93102,53331
,,,,2278,68442,28490,41099,53376,91156,54018,148367,93102,53331
,,,,2279,68442,28490,41099,53376,91156,54018,148367,93102,53331
,,,,2280,68442,28490,41099,53376,91156,54018,148367,93102,53331
,,,,2281,68442,28490,41099,53376,91156,54018,148367,93102,53331
,,,,2282,68442,28490,41099,53376,91156,54018,148367,93102,53331
,,,,2283,68442,28490,41099,53376,91156,54018,148367,93102,53331
,,,,2284,68442,28490,41099,53376,91156,54018,148367,93102,53331
,,,,2285,68442,28490,41099,53376,91156,54018,148367,93102,53331
,,,,2286,68442,28490,41099,53376,91156,54018,148367,93102,53331
,,,,2287,68442,28490,41099,53376,91156,54018,148367,93102,53331
,,,,2288,68442,28490,41099,53376,91156,54018,148367,93102,53331
,,,,2289,68442,28490,41099,53376,91156,54018,148367,93102,53331
,,,,2290,68442,28490,41099,53376,91156,54018,148367,93102,53331
,,,,2291,68442,28490,41099,53376,91156,54018,148367,93102,53331
,,,,2292,68442,28490,41099,53376,91156,54018,148367,93102,53331
,,,,2293,68442,28490,41099,53376,91156,54018,148367,93102,53331
,,,,2294,68442,28490,41099,53376,91156,54018,148367,93102,53331
,,,,2295,68442,28490,41099,53376,91156,54018,148367,93102,53331
,,,,2296,68442,28490,41099,53376,91156,54018,148367,93102,53331
,,,,2297,68442,28490,41099,53376,91156,54018,148367,93102,53331
,,,,2298,68442,28490,41099,53376,91156,54018,148367,93102,53331
,,,,2299,68442,28490,41099,53376,91156,54018,148367,93102,53331
,,,,2300,68442,28490,41099,53376,91156,54018,148367,93102,53331
,,,,2301,68442,28490,41099,53376,91156,54018,148367,93102,53331
,,,,2302,68442,28490,41099,53376,91156,54018,148367,93102,53331
,,,,2303,68442,28490,41099,53376,91156,54018,148367,93102,53331
,,,,2304,68442,28490,41099,53376,91156,54018,148367,93102,53331
,,,,2305,68442,28490,41099,53376,91156,54018,148367,93102,53331
,,,,2306,68442,28490,41099,53376,91156,54018,148367,93102,53331
,,,,2307,68442,28490,41099,53376,91156,54018,148367,93102,53331
,,,,2308,68442,28490,41099,53376,91156,54018,148367,93102,53331
,,,,2309,68442,28490,41099,53376,91156,54018,148367,93102,53331
,,,,2310,68442,28490,41099,53376,91156,54018,148367,93102,53331
,,,,2311,68442,28490,41099,53376,91156,54018,148367,93102,53331
,,,,2312,68442,28490,41099,53376,91156,54018,148367,93102,53331
,,,,2313,68442,28490,41099,53376,91156,54018,148367,93102,53331
,,,,2314,68442,28490,41099,53376,91156,54018,148367,93102,53331
,,,,2315,68442,28490,41099,53376,91156,54018,148367,93102,53331
,,,,2316,68442,28490,41099,53376,91156,54018,148367,93102,53331
,,,,2317,68442,28490,41099,53376,91156,54018,148367,93102,53331
,,,,2318,68442,28490,41099,53376,91156,54018,148367,93102,53331
,,,,2319,68442,28490,41099,53376,91156,54018,148367,93102,53331
,,,,2320,68442,28490,41099,53376,91156,54018,148367,93102,53331
,,,,2321,68442,28490,41099,53376,91156,54018,148367,93102,53331
,,,,2322,68442,28490,41099,53376,91156,54018,148367,93102,53331
,,,,2323,68442,28490,41099,53376,91156,54018,148367,93102,53331
,,,,2324,68442,28490,41099,53376,91156,54018,148367,93102,53331
,,,,2325,68442,28490,41099,53376,91156,54018,148367,93102,53331
,,,,2326,68442,28490,41099,53376,91156,54018,148367,93102,53331
,,,,2327,68442,28490,41099,53376,91156,54018,148367,93102,53331
,,,,2328,68442,28490,41099,53376,91156,54018,148367,93102,53331
,,,,2329,68442,28490,41099,53376,91156,54018,148367,93102,53331
,,,,2330,68442,28490,41099,53376,91156,54018,148367,93102,53331
,,,,2331,68442,28490,41099,53376,91156,54018,148367,93102,53331
,,,,2332,68442,28490,41099,53376,91156,54018,148367,93102,53331
,,,,2333,68442,28490,41099,53376,91156,54018,148367,93102,53331
,,,,2334,68442,28490,41099,53376,91156,54018,148367,93102,53331
,,,,2335,68442,28490,41099,53376,91156,54018,148367,93102,53331
,,,,2336,68442,28490,41099,53376,91156,54018,148367,93102,53331
,,,,2337,68442,28490,41099,53376,91156,54018,148367,93102,53331
,,,,2338,68442,28490,41099,53376,91156,54018,148367,93102,53331
,,,,2339,68442,28490,41099,53376,91156,54018,148367,93102,53331
,,,,2340,68442,28490,41099,53376,91156,54018,148367,93102,53331
,,,,2341,68442,28490,41099,53376,91156,54018,148367,93102,53331
,,,,2342,68442,28490,41099,53376,91156,54018,148367,93102,53331
,,,,2343,68442,28490,41099,53376,91156,54018,148367,93102,53331
,,,,2344,68442,28490,41099,53376,91156,54018,148367,93102,53331
,,,,2345,68442,28490,41099,53376,91156,54018,148367,93102,53331
,,,,2346,68442,28490,41099,53376,91156,54018,148367,93102,53331
,,,,2347,68442,28490,41099,53376,91156,54018,148367,93102,53331
,,,,2348,68442,28490,41099,53376,91156,54018,148367,93102,53331
,,,,2349,68442,28490,41099,53376,91156,54018,148367,93102,53331
,,,,2350,68442,28490,41099,53376,91156,54018,148367,93102,53331
,,,,2351,68442,28490,41099,53376,91156,54018,148367,93102,53331
,,,,2352,68442,28490,41099,53376,91156,54018,148367,93102,53331
,,,,2353,68442,28490,41099,53376,91156,54018,148367,93102,53331
,,,,2354,68442,28490,41099,53376,91156,54018,148367,93102,53331
,,,,2355,68442,28490,41099,53376,91156,54018,148367,93102,53331
,,,,2356,68442,28490,41099,53376,91156,54018,148367,93102,53331
,,,,2357,68442,28490,41099,53376,91156,54018,148367,93102,53331
,,,,2358,68442,28490,41099,53376,91156,54018,148367,93102,53331
,,,,2359,68442,28490,41099,53376,91156,54018,148367,93102,53331
,,,,2360,68442,28490,41099,53376,91156,54018,148367,93102,53331
,,,,2361,68442,28490,41099,53376,91156,54018,148367,93102,53331
,,,,2362,68442,28490,41099,53376,91156,54018,148367,93102,53331
,,,,2363,68442,28490,41099,53376,91156,54018,148367,93102,53331
,,,,2364,68442,28490,41099,53376,91156,54018,148367,93102,53331
,,,,2365,68442,28490,41099,53376,91156,54018,148367,93102,53331
,,,,2366,68442,28490,41099,53376,91156,54018,148367,93102,53331
,,,,2367,68442,28490,41099,53376,91156,54018,148367,93102,53331
,,,,2368,68442,28490,41099,53376,91156,54018,148367,93102,53331
,,,,2369,68442,28490,41099,53376,91156,54018,148367,93102,53331
,,,,2370,68442,28490,41099,53376,91156,54018,148367,93102,53331
,,,,2371,68442,28490,41099,53376,91156,54018,148367,93102,53331
,,,,2372,68442,28490,41099,53376,91156,54018,148367,93102,53331
,,,,2373,68442,28490,41099,53376,91156,54018,148367,93102,53331
,,,,2374,68442,28490,41099,53376,91156,54018,148367,93102,53331
,,,,2375,68442,28490,41099,53376,91156,54018,148367,93102,53331
,,,,2376,68442,28490,41099,53376,91156,54018,148367,93102,53331
,,,,2377,68442,28490,41099,53376,91156,54018,148367,93102,53331
,,,,2378,68442,28490,41099,53376,91156,54018,148367,93102,53331
,,,,2379,68442,28490,41099,53376,91156,54018,148367,93102,53331
,,,,2380,68442,28490,41099,53376,91156,54018,148367,93102,53331
,,,,2381,68442,28490,41099,53376,91156,54018,148367,93102,53331
,,,,2382,68442,28490,41099,53376,91156,54018,148367,93102,53331
,,,,2383,68442,28490,41099,53376,91156,54018,148367,93102,53331
,,,,2384,68442,28490,41099,53376,91156,54018,148367,93102,53331
,,,,2385,68442,28490,41099,53376,91156,54018,148367,93102,53331
,,,,2386,68442,28490,41099,53376,91156,54018,148367,93102,53331
,,,,2387,68442,28490,41099,53376,91156,54018,148367,93102,53331
,,,,2388,68442,28490,41099,53376,91156,54018,148367,93102,53331
,,,,2389,68442,28490,41099,53376,91156,54018,148367,93102,53331
,,,,2390,68442,28490,41099,53376,91156,54018,148367,93102,53331
,,,,2391,68442,28490,41099,53376,91156,54018,148367,93102,53331
,,,,2392,68442,28490,41099,53376,91156,54018,148367,93102,53331
,,,,2393,68442,28490,41099,53376,91156,54018,148367,93102,53331
,,,,2394,68442,28490,41099,53376,91156,54018,148367,93102,53331
,,,,2395,68442,28490,41099,53376,91156,54018,148367,93102,53331
,,,,2396,68442,28490,41099,53376,91156,54018,148367,93102,53331
,,,,2397,68442,28490,41099,53376,91156,54018,148367,93102,53331
,,,,2398,68442,28490,41099,53376,91156,54018,148367,93102,53331
,,,,2399,68442,28490,41099,53376,91156,54018,148367,93102,53331
,,,,2400,68442,28490,41099,53376,91156,54018,148367,93102,53331
,,,,2401,68442,28490,41099,53376,91156,54018,148367,93102,53331
,,,,2402,68442,28490,41099,53376,91156,54018,148367,93102,53331
,,,,2403,68442,28490,41099,53376,91156,54018,148367,93102,53331
,,,,2404,68442,28490,41099,53376,91156,54018,148367,93102,53331
,,,,2405,68442,28490,41099,53376,91156,54018,148367,93102,53331
,,,,2406,68442,28490,41099,53376,91156,54018,148367,93102,53331
,,,,2407,68442,28490,41099,53376,91156,54018,148367,93102,53331
,,,,2408,68442,28490,41099,53376,91156,54018,148367,93102,53331
,,,,2409,68442,28490,41099,53376,91156,54018,148367,93102,53331
,,,,2410,68442,28490,41099,53376,91156,54018,148367,93102,53331
,,,,2411,68442,28490,41099,53376,91156,54018,148367,93102,53331
,,,,2412,68442,28490,41099,53376,91156,54018,148367,93102,53331
,,,,2413,68442,28490,41099,53376,91156,54018,148367,93102,53331
,,,,2414,68442,28490,41099,53376,91156,54018,148367,93102,53331
,,,,2415,68442,28490,41099,53376,91156,54018,148367,93102,53331
,,,,2416,68442,28490,41099,53376,91156,54018,148367,93102,53331
,,,,2417,68442,28490,41099,53376,91156,54018,148367,93102,53331
,,,,2418,68442,28490,41099,53376,91156,54018,148367,93102,53331
,,,,2419,68442,28490,41099,53376,91156,54018,148367,93102,53331
,,,,2420,68442,28490,41099,53376,91156,54018,148367,93102,53331
,,,,2421,68442,28490,41099,53376,91156,54018,148367,93102,53331
,,,,2422,68442,28490,41099,53376,91156,54018,148367,93102,53331
,,,,2423,68442,28490,41099,53376,91156,54018,148367,93102,53331
,,,,2424,68442,28490,41099,53376,91156,54018,148367,93102,53331
,,,,2425,68442,28490,41099,53376,91156,54018,148367,93102,53331
,,,,2426,68442,28490,41099,53376,91156,54018,148367,93102,53331
,,,,2427,68442,28490,41099,53376,91156,54018,148367,93102,53331
,,,,2428,68442,28490,41099,53376,91156,54018,148367,93102,53331
,,,,2429,68442,28490,41099,53376,91156,54018,148367,93102,53331
,,,,2430,68442,28490,41099,53376,91156,54018,148367,93102,53331
,,,,2431,68442,28490,41099,53376,91156,54018,148367,93102,53331
,,,,2432,68442,28490,41099,53376,91156,54018,148367,93102,53331
,,,,2433,68442,28490,41099,53376,91156,54018,148367,93102,53331
,,,,2434,68442,28490,41099,53376,91156,54018,148367,93102,53331
,,,,2435,68442,28490,41099,53376,91156,54018,148367,93102,53331
,,,,2436,68442,28490,41099,53376,91156,54018,148367,93102,53331
,,,,2437,68442,28490,41099,53376,91156,54018,148367,93102,53331
,,,,2438,68442,28490,41099,53376,91156,54018,148367,93102,53331
,,,,2439,68442,28490,41099,53376,91156,54018,148367,93102,53331
,,,,2440,68442,28490,41099,53376,91156,54018,148367,93102,53331
,,,,2441,68442,28490,41099,53376,91156,54018,148367,93102,53331
,,,,2442,68442,28490,41099,53376,91156,54018,148367,93102,53331
,,,,2443,68442,28490,41099,53376,91156,54018,148367,93102,53331
,,,,2444,68442,28490,41099,53376,91156,54018,148367,93102,53331
,,,,2445,68442,28490,41099,53376,91156,54018,148367,93102,53331
,,,,2446,68442,28490,41099,53376,91156,54018,148367,93102,53331
,,,,2447,68442,28490,41099,53376,91156,54018,148367,93102,53331
,,,,2448,68442,28490,41099,53376,91156,54018,148367,93102,53331
,,,,2449,68442,28490,41099,53376,91156,54018,148367,93102,53331
,,,,2450,68442,28490,41099,53376,91156,54018,148367,93102,53331
,,,,2451,68442,28490,41099,53376,91156,54018,148367,93102,53331
,,,,2452,68442,28490,41099,53376,91156,54018,148367,93102,53331
,,,,2453,68442,28490,41099,53376,91156,54018,148367,93102,53331
,,,,2454,68442,28490,41099,53376,91156,54018,148367,93102,53331
,,,,2455,68442,28490,41099,53376,91156,54018,148367,93102,53331
,,,,2456,68442,28490,41099,53376,91156,54018,148367,93102,53331
,,,,2457,68442,28490,41099,53376,91156,54018,148367,93102,53331
,,,,2458,68442,28490,41099,53376,91156,54018,148367,93102,53331
,,,,2459,68442,28490,41099,53376,91156,54018,148367,93102,53331
,,,,2460,68442,28490,41099,53376,91156,54018,148367,93102,53331
,,,,2461,68442,28490,41099,53376,91156,54018,148367,93102,53331
,,,,2462,68442,28490,41099,53376,91156,54018,148367,93102,53331
,,,,2463,68442,28490,41099,53376,91156,54018,148367,93102,53331
,,,,2464,68442,28490,41099,53376,91156,54018,148367,93102,53331
,,,,2465,68442,28490,41099,53376,91156,54018,148367,93102,53331
,,,,2466,68442,28490,41099,53376,91156,54018,148367,93102,53331
,,,,2467,68442,28490,41099,53376,91156,54018,148367,93102,53331
,,,,2468,68442,28490,41099,53376,91156,54018,148367,93102,53331
,,,,2469,68442,28490,41099,53376,91156,54018,148367,93102,53331
,,,,2470,68442,28490,41099,53376,91156,54018,148367,93102,53331
,,,,2471,68442,28490,41099,53376,91156,54018,148367,93102,53331
,,,,2472,68442,28490,41099,53376,91156,54018,148367,93102,53331
,,,,2473,68442,28490,41099,53376,91156,54018,148367,93102,53331
,,,,2474,68442,28490,41099,53376,91156,54018,148367,93102,53331
,,,,2475,68442,28490,41099,53376,91156,54018,148367,93102,53331
,,,,2476,68442,28490,41099,53376,91156,54018,148367,93102,53331
,,,,2477,68442,28490,41099,53376,91156,54018,148367,93102,53331
,,,,2478,68442,28490,41099,53376,91156,54018,148367,93102,53331
,,,,2479,68442,28490,41099,53376,91156,54018,148367,93102,53331
,,,,2480,68442,28490,41099,53376,91156,54018,148367,93102,53331
,,,,2481,68442,28490,41099,53376,91156,54018,148367,93102,53331
,,,,2482,68442,28490,41099,53376,91156,54018,148367,93102,53331
,,,,2483,68442,28490,41099,53376,91156,54018,148367,93102,53331
,,,,2484,68442,28490,41099,53376,91156,54018,148367,93102,53331
,,,,2485,68442,28490,41099,53376,91156,54018,148367,93102,53331
,,,,2486,68442,28490,41099,53376,91156,54018,148367,93102,53331
,,,,2487,68442,28490,41099,53376,91156,54018,148367,93102,53331
,,,,2488,68442,28490,41099,53376,91156,54018,148367,93102,53331
,,,,2489,68442,28490,41099,53376,91156,54018,148367,93102,53331
,,,,2490,68442,28490,41099,53376,91156,54018,148367,93102,53331
,,,,2491,68442,28490,41099,53376,91156,54018,148367,93102,53331
,,,,2492,68442,28490,41099,53376,91156,54018,148367,93102,53331
,,,,2493,68442,28490,41099,53376,91156,54018,148367,93102,53331
,,,,2494,68442,28490,41099,53376,91156,54018,148367,93102,53331
,,,,2495,68442,28490,41099,53376,91156,54018,148367,93102,53331
,,,,2496,68442,28490,41099,53376,91156,54018,148367,93102,53331
,,,,2497,68442,28490,41099,53376,91156,54018,148367,93102,53331
,,,,2498,68442,28490,41099,53376,91156,54018,148367,93102,53331
,,,,2499,68442,28490,41099,53376,91156,54018,148367,93102,53331
,,,,2500,68442,28490,41099,53376,91156,54018,148367,93102,53331
,,,,2501,68442,28490,41099,53376,91156,54018,148367,93102,53331
,,,,2502,68442,28490,41099,53376,91156,54018,148367,93102,53331
,,,,2503,68442,28490,41099,53376,91156,54018,148367,93102,53331
,,,,2504,68442,28490,41099,53376,91156,54018,148367,93102,53331
,,,,2505,68442,28490,41099,53376,91156,54018,148367,93102,53331
,,,,2506,68442,28490,41099,53376,91156,54018,148367,93102,53331
,,,,2507,68442,28490,41099,53376,91156,54018,148367,93102,53331
,,,,2508,68442,28490,41099,53376,91156,54018,148367,93102,53331
,,,,2509,68442,28490,41099,53376,91156,54018,148367,93102,53331
,,,,2510,68442,28490,41099,53376,91156,54018,148367,93102,53331
,,,,2511,68442,28490,41099,53376,91156,54018,148367,93102,53331
,,,,2512,68442,28490,41099,53376,91156,54018,148367,93102,53331
,,,,2513,68442,28490,41099,53376,91156,54018,148367,93102,53331
,,,,2514,68442,28490,41099,53376,91156,54018,148367,93102,53331
,,,,2515,68442,28490,41099,53376,91156,54018,148367,93102,53331
,,,,2516,68442,28490,41099,53376,91156,54018,148367,93102,53331
,,,,2517,68442,28490,41099,53376,91156,54018,148367,93102,53331
,,,,2518,68442,28490,41099,53376,91156,54018,148367,93102,53331
,,,,2519,68442,28490,41099,53376,91156,54018,148367,93102,53331
,,,,2520,68442,28490,41099,53376,91156,54018,148367,93102,53331
,,,,2521,68442,28490,41099,53376,91156,54018,148367,93102,53331
,,,,2522,68442,28490,41099,53376,91156,54018,148367,93102,53331
,,,,2523,68442,28490,41099,53376,91156,54018,148367,93102,53331
,,,,2524,68442,28490,41099,53376,91156,54018,148367,93102,53331
,,,,2525,68442,28490,41099,53376,91156,54018,148367,93102,53331
,,,,2526,68442,28490,41099,53376,91156,54018,148367,93102,53331
,,,,2527,68442,28490,41099,53376,91156,54018,148367,93102,53331
,,,,2528,68442,28490,41099,53376,91156,54018,148367,93102,53331
,,,,2529,68442,28490,41099,53376,91156,54018,148367,93102,53331
,,,,2530,68442,28490,41099,53376,91156,54018,148367,93102,53331
,,,,2531,68442,28490,41099,53376,91156,54018,148367,93102,53331
,,,,2532,68442,28490,41099,53376,91156,54018,148367,93102,53331
,,,,2533,68442,28490,41099,53376,91156,54018,148367,93102,53331
,,,,2534,68442,28490,41099,53376,91156,54018,148367,93102,53331
,,,,2535,68442,28490,41099,53376,91156,54018,148367,93102,53331
,,,,2536,68442,28490,41099,53376,91156,54018,148367,93102,53331
,,,,2537,68442,28490,41099,53376,91156,54018,148367,93102,53331
,,,,2538,68442,28490,41099,53376,91156,54018,148367,93102,53331
,,,,2539,68442,28490,41099,53376,91156,54018,148367,93102,53331
,,,,2540,68442,28490,41099,53376,91156,54018,148367,93102,53331
,,,,2541,68442,28490,41099,53376,91156,54018,148367,93102,53331
,,,,2542,68442,28490,41099,53376,91156,54018,148367,93102,53331
,,,,2543,68442,28490,41099,53376,91156,54018,148367,93102,53331
,,,,2544,68442,28490,41099,53376,91156,54018,148367,93102,53331
,,,,2545,68442,28490,41099,53376,91156,54018,148367,93102,53331
,,,,2546,68442,28490,41099,53376,91156,54018,148367,93102,53331
,,,,2547,68442,28490,41099,53376,91156,54018,148367,93102,53331
,,,,2548,68442,28490,41099,53376,91156,54018,148367,93102,53331
,,,,2549,68442,28490,41099,53376,91156,54018,148367,93102,53331
,,,,2550,68442,28490,41099,53376,91156,54018,148367,93102,53331
,,,,2551,68442,28490,41099,53376,91156,54018,148367,93102,53331
,,,,2552,68442,28490,41099,53376,91156,54018,148367,93102,53331
,,,,2553,68442,28490,41099,53376,91156,54018,148367,93102,53331
,,,,2554,68442,28490,41099,53376,91156,54018,148367,93102,53331
,,,,2555,68442,28490,41099,53376,91156,54018,148367,93102,53331
,,,,2556,68442,28490,41099,53376,91156,54018,148367,93102,53331
,,,,2557,68442,28490,41099,53376,91156,54018,148367,93102,53331
,,,,2558,68442,28490,41099,53376,91156,54018,148367,93102,53331
,,,,2559,68442,28490,41099,53376,91156,54018,148367,93102,53331
,,,,2560,68442,28490,41099,53376,91156,54018,148367,93102,53331
,,,,2561,68442,28490,41099,53376,91156,54018,148367,93102,53331
,,,,2562,68442,28490,41099,53376,91156,54018,148367,93102,53331
,,,,2563,68442,28490,41099,53376,91156,54018,148367,93102,53331
,,,,2564,68442,28490,41099,53376,91156,54018,148367,93102,53331
,,,,2565,68442,28490,41099,53376,91156,54018,148367,93102,53331
,,,,2566,68442,28490,41099,53376,91156,54018,148367,93102,53331
,,,,2567,68442,28490,41099,53376,91156,54018,148367,93102,53331
,,,,2568,68442,28490,41099,53376,91156,54018,148367,93102,53331
,,,,2569,68442,28490,41099,53376,91156,54018,148367,93102,53331
,,,,2570,68442,28490,41099,53376,91156,54018,148367,93102,53331
,,,,2571,68442,28490,41099,53376,91156,54018,148367,93102,53331
,,,,2572,68442,28490,41099,53376,91156,54018,148367,93102,53331
,,,,2573,68442,28490,41099,53376,91156,54018,148367,93102,53331
,,,,2574,68442,28490,41099,53376,91156,54018,148367,93102,53331
,,,,2575,68442,28490,41099,53376,91156,54018,148367,93102,53331
,,,,2576,68442,28490,41099,53376,91156,54018,148367,93102,53331
,,,,2577,68442,28490,41099,53376,91156,54018,148367,93102,53331
,,,,2578,68442,28490,41099,53376,91156,54018,148367,93102,53331
,,,,2579,68442,28490,41099,53376,91156,54018,148367,93102,53331
,,,,2580,68442,28490,41099,53376,91156,54018,148367,93102,53331
,,,,2581,68442,28490,41099,53376,91156,54018,148367,93102,53331
,,,,2582,68442,28490,41099,53376,91156,54018,148367,93102,53331
,,,,2583,68442,28490,41099,53376,91156,54018,148367,93102,53331
,,,,2584,68442,28490,41099,53376,91156,54018,148367,93102,53331
,,,,2585,68442,28490,41099,53376,91156,54018,148367,93102,53331
,,,,2586,68442,28490,41099,53376,91156,54018,148367,93102,53331
,,,,2587,68442,28490,41099,53376,91156,54018,148367,93102,53331
,,,,2588,68442,28490,41099,53376,91156,54018,148367,93102,53331
,,,,2589,68442,28490,41099,53376,91156,54018,148367,93102,53331
,,,,2590,68442,28490,41099,53376,91156,54018,148367,93102,53331
,,,,2591,68442,28490,41099,53376,91156,54018,148367,93102,53331
,,,,2592,68442,28490,41099,53376,91156,54018,148367,93102,53331
,,,,2593,68442,28490,41099,53376,91156,54018,148367,93102,53331
,,,,2594,68442,28490,41099,53376,91156,54018,148367,93102,53331
,,,,2595,68442,28490,41099,53376,91156,54018,148367,93102,53331
,,,,2596,68442,28490,41099,53376,91156,54018,148367,93102,53331
,,,,2597,68442,28490,41099,53376,91156,54018,148367,93102,53331
,,,,2598,68442,28490,41099,53376,91156,54018,148367,93102,53331
,,,,2599,68442,28490,41099,53376,91156,54018,148367,93102,53331
,,,,2600,68442,28490,41099,53376,91156,54018,148367,93102,53331
,,,,2601,68442,28490,41099,53376,91156,54018,148367,93102,53331
,,,,2602,68442,28490,41099,53376,91156,54018,148367,93102,53331
,,,,2603,68442,28490,41099,53376,91156,54018,148367,93102,53331
,,,,2604,68442,28490,41099,53376,91156,54018,148367,93102,53331
,,,,2605,68442,28490,41099,53376,91156,54018,148367,93102,53331
,,,,2606,68442,28490,41099,53376,91156,54018,148367,93102,53331
,,,,2607,68442,28490,41099,53376,91156,54018,148367,93102,53331
,,,,2608,68442,28490,41099,53376,91156,54018,148367,93102,53331
,,,,2609,68442,28490,41099,53376,91156,54018,148367,93102,53331
,,,,2610,68442,28490,41099,53376,91156,54018,148367,93102,53331
,,,,2611,68442,28490,41099,53376,91156,54018,148367,93102,53331
,,,,2612,68442,28490,41099,53376,91156,54018,148367,93102,53331
,,,,2613,68442,28490,41099,53376,91156,54018,148367,93102,53331
,,,,2614,68442,28490,41099,53376,91156,54018,148367,93102,53331
,,,,2615,68442,28490,41099,53376,91156,54018,148367,93102,53331
,,,,2616,68442,28490,41099,53376,91156,54018,148367,93102,53331
,,,,2617,68442,28490,41099,53376,91156,54018,148367,93102,53331
,,,,2618,68442,28490,41099,53376,91156,54018,148367,93102,53331
,,,,2619,68442,28490,41099,53376,91156,54018,148367,93102,53331
,,,,2620,68442,28490,41099,53376,91156,54018,148367,93102,53331
,,,,2621,68442,28490,41099,53376,91156,54018,148367,93102,53331
,,,,2622,68442,28490,41099,53376,91156,54018,148367,93102,53331
,,,,2623,68442,28490,41099,53376,91156,54018,148367,93102,53331
,,,,2624,68442,28490,41099,53376,91156,54018,148367,93102,53331
,,,,2625,68442,28490,41099,53376,91156,54018,148367,93102,53331
,,,,2626,68442,28490,41099,53376,91156,54018,148367,93102,53331
,,,,2627,68442,28490,41099,53376,91156,54018,148367,93102,53331
,,,,2628,68442,28490,41099,53376,91156,54018,148367,93102,53331
,,,,2629,68442,28490,41099,53376,91156,54018,148367,93102,53331
,,,,2630,68442,28490,41099,53376,91156,54018,148367,93102,53331
,,,,2631,68442,28490,41099,53376,91156,54018,148367,93102,53331
,,,,2632,68442,28490,41099,53376,91156,54018,148367,93102,53331
,,,,2633,68442,28490,41099,53376,91156,54018,148367,93102,53331
,,,,2634,68442,28490,41099,53376,91156,54018,148367,93102,53331
,,,,2635,68442,28490,41099,53376,91156,54018,148367,93102,53331
,,,,2636,68442,28490,41099,53376,91156,54018,148367,93102,53331
,,,,2637,68442,28490,41099,53376,91156,54018,148367,93102,53331
,,,,2638,68442,28490,41099,53376,91156,54018,148367,93102,53331
,,,,2639,68442,28490,41099,53376,91156,54018,148367,93102,53331
,,,,2640,68442,28490,41099,53376,91156,54018,148367,93102,53331
,,,,2641,68442,28490,41099,53376,91156,54018,148367,93102,53331
,,,,2642,68442,28490,41099,53376,91156,54018,148367,93102,53331
,,,,2643,68442,28490,41099,53376,91156,54018,148367,93102,53331
,,,,2644,68442,28490,41099,53376,91156,54018,148367,93102,53331
,,,,2645,68442,28490,41099,53376,91156,54018,148367,93102,53331
,,,,2646,68442,28490,41099,53376,91156,54018,148367,93102,53331
,,,,2647,68442,28490,41099,53376,91156,54018,148367,93102,53331
,,,,2648,68442,28490,41099,53376,91156,54018,148367,93102,53331
,,,,2649,68442,28490,41099,53376,91156,54018,148367,93102,53331
,,,,2650,68442,28490,41099,53376,91156,54018,148367,93102,53331
,,,,2651,68442,28490,41099,53376,91156,54018,148367,93102,53331
,,,,2652,68442,28490,41099,53376,91156,54018,148367,93102,53331
,,,,2653,68442,28490,41099,53376,91156,54018,148367,93102,53331
,,,,2654,68442,28490,41099,53376,91156,54018,148367,93102,53331
,,,,2655,68442,28490,41099,53376,91156,54018,148367,93102,53331
,,,,2656,68442,28490,41099,53376,91156,54018,148367,93102,53331
,,,,2657,68442,28490,41099,53376,91156,54018,148367,93102,53331
,,,,2658,68442,28490,41099,53376,91156,54018,148367,93102,53331
,,,,2659,68442,28490,41099,53376,91156,54018,148367,93102,53331
,,,,2660,68442,28490,41099,53376,91156,54018,148367,93102,53331
,,,,2661,68442,28490,41099,53376,91156,54018,148367,93102,53331
,,,,2662,68442,28490,41099,53376,91156,54018,148367,93102,53331
,,,,2663,68442,28490,41099,53376,91156,54018,148367,93102,53331
,,,,2664,68442,28490,41099,53376,91156,54018,148367,93102,53331
,,,,2665,68442,28490,41099,53376,91156,54018,148367,93102,53331
,,,,2666,68442,28490,41099,53376,91156,54018,148367,93102,53331
,,,,2667,68442,28490,41099,53376,91156,54018,148367,93102,53331
,,,,2668,68442,28490,41099,53376,91156,54018,148367,93102,53331
,,,,2669,68442,28490,41099,53376,91156,54018,148367,93102,53331
,,,,2670,68442,28490,41099,53376,91156,54018,148367,93102,53331
,,,,2671,68442,28490,41099,53376,91156,54018,148367,93102,53331
,,,,2672,68442,28490,41099,53376,91156,54018,148367,93102,53331
,,,,2673,68442,28490,41099,53376,91156,54018,148367,93102,53331
,,,,2674,68442,28490,41099,53376,91156,54018,148367,93102,53331
,,,,2675,68442,28490,41099,53376,91156,54018,148367,93102,53331
,,,,2676,68442,28490,41099,53376,91156,54018,148367,93102,53331
,,,,2677,68442,28490,41099,53376,91156,54018,148367,93102,53331
,,,,2678,68442,28490,41099,53376,91156,54018,148367,93102,53331
,,,,2679,68442,28490,41099,53376,91156,54018,148367,93102,53331
,,,,2680,68442,28490,41099,53376,91156,54018,148367,93102,53331
,,,,2681,68442,28490,41099,53376,91156,54018,148367,93102,53331
,,,,2682,68442,28490,41099,53376,91156,54018,148367,93102,53331
,,,,2683,68442,28490,41099,53376,91156,54018,148367,93102,53331
,,,,2684,68442,28490,41099,53376,91156,54018,148367,93102,53331
,,,,2685,68442,28490,41099,53376,91156,54018,148367,93102,53331
,,,,2686,68442,28490,41099,53376,91156,54018,148367,93102,53331
,,,,2687,68442,28490,41099,53376,91156,54018,148367,93102,53331
,,,,2688,68442,28490,41099,53376,91156,54018,148367,93102,53331
,,,,2689,68442,28490,41099,53376,91156,54018,148367,93102,53331
,,,,2690,68442,28490,41099,53376,91156,54018,148367,93102,53331
,,,,2691,68442,28490,41099,53376,91156,54018,148367,93102,53331
,,,,2692,68442,28490,41099,53376,91156,54018,148367,93102,53331
,,,,2693,68442,28490,41099,53376,91156,54018,148367,93102,53331
,,,,2694,68442,28490,41099,53376,91156,54018,148367,93102,53331
,,,,2695,68442,28490,41099,53376,91156,54018,148367,93102,53331
,,,,2696,68442,28490,41099,53376,91156,54018,148367,93102,53331
,,,,2697,68442,28490,41099,53376,91156,54018,148367,93102,53331
,,,,2698,68442,28490,41099,53376,91156,54018,148367,93102,53331
,,,,2699,68442,28490,41099,53376,91156,54018,148367,93102,53331
,,,,2700,68442,28490,41099,53376,91156,54018,148367,93102,53331
,,,,2701,68442,28490,41099,53376,91156,54018,148367,93102,53331
,,,,2702,68442,28490,41099,53376,91156,54018,148367,93102,53331
,,,,2703,68442,28490,41099,53376,91156,54018,148367,93102,53331
,,,,2704,68442,28490,41099,53376,91156,54018,148367,93102,53331
,,,,2705,68442,28490,41099,53376,91156,54018,148367,93102,53331
,,,,2706,68442,28490,41099,53376,91156,54018,148367,93102,53331
,,,,2707,68442,28490,41099,53376,91156,54018,148367,93102,53331
,,,,2708,68442,28490,41099,53376,91156,54018,148367,93102,53331
,,,,2709,68442,28490,41099,53376,91156,54018,148367,93102,53331
,,,,2710,68442,28490,41099,53376,91156,54018,148367,93102,53331
,,,,2711,68442,28490,41099,53376,91156,54018,148367,93102,53331
,,,,2712,68442,28490,41099,53376,91156,54018,148367,93102,53331
,,,,2713,68442,28490,41099,53376,91156,54018,148367,93102,53331
,,,,2714,68442,28490,41099,53376,91156,54018,148367,93102,53331
,,,,2715,68442,28490,41099,53376,91156,54018,148367,93102,53331
,,,,2716,68442,28490,41099,53376,91156,54018,148367,93102,53331
,,,,2717,68442,28490,41099,53376,91156,54018,148367,93102,53331
,,,,2718,68442,28490,41099,53376,91156,54018,148367,93102,53331
,,,,2719,68442,28490,41099,53376,91156,54018,148367,93102,53331
,,,,2720,68442,28490,41099,53376,91156,54018,148367,93102,53331
,,,,2721,68442,28490,41099,53376,91156,54018,148367,93102,53331
,,,,2722,68442,28490,41099,53376,91156,54018,148367,93102,53331
,,,,2723,68442,28490,41099,53376,91156,54018,148367,93102,53331
,,,,2724,68442,28490,41099,53376,91156,54018,148367,93102,53331
,,,,2725,68442,28490,41099,53376,91156,54018,148367,93102,53331
,,,,2726,68442,28490,41099,53376,91156,54018,148367,93102,53331
,,,,2727,68442,28490,41099,53376,91156,54018,148367,93102,53331
,,,,2728,68442,28490,41099,53376,91156,54018,148367,93102,53331
,,,,2729,68442,28490,41099,53376,91156,54018,148367,93102,53331
,,,,2730,68442,28490,41099,53376,91156,54018,148367,93102,53331
,,,,2731,68442,28490,41099,53376,91156,54018,148367,93102,53331
,,,,2732,68442,28490,41099,53376,91156,54018,148367,93102,53331
,,,,2733,68442,28490,41099,53376,91156,54018,148367,93102,53331
,,,,2734,68442,28490,41099,53376,91156,54018,148367,93102,53331
,,,,2735,68442,28490,41099,53376,91156,54018,148367,93102,53331
,,,,2736,68442,28490,41099,53376,91156,54018,148367,93102,53331
,,,,2737,68442,28490,41099,53376,91156,54018,148367,93102,53331
,,,,2738,68442,28490,41099,53376,91156,54018,148367,93102,53331
,,,,2739,68442,28490,41099,53376,91156,54018,148367,93102,53331
,,,,2740,68442,28490,41099,53376,91156,54018,148367,93102,53331
,,,,2741,68442,28490,41099,53376,91156,54018,148367,93102,53331
,,,,2742,68442,28490,41099,53376,91156,54018,148367,93102,53331
,,,,2743,68442,28490,41099,53376,91156,54018,148367,93102,53331
,,,,2744,68442,28490,41099,53376,91156,54018,148367,93102,53331
,,,,2745,68442,28490,41099,53376,91156,54018,148367,93102,53331
,,,,2746,68442,28490,41099,53376,91156,54018,148367,93102,53331
,,,,2747,68442,28490,41099,53376,91156,54018,148367,93102,53331
,,,,2748,68442,28490,41099,53376,91156,54018,148367,93102,53331
,,,,2749,68442,28490,41099,53376,91156,54018,148367,93102,53331
,,,,2750,68442,28490,41099,53376,91156,54018,148367,93102,53331
,,,,2751,68442,28490,41099,53376,91156,54018,148367,93102,53331
,,,,2752,68442,28490,41099,53376,91156,54018,148367,93102,53331
,,,,2753,68442,28490,41099,53376,91156,54018,148367,93102,53331
,,,,2754,68442,28490,41099,53376,91156,54018,148367,93102,53331
,,,,2755,68442,28490,41099,53376,91156,54018,148367,93102,53331
,,,,2756,68442,28490,41099,53376,91156,54018,148367,93102,53331
,,,,2757,68442,28490,41099,53376,91156,54018,148367,93102,53331
,,,,2758,68442,28490,41099,53376,91156,54018,148367,93102,53331
,,,,2759,68442,28490,41099,53376,91156,54018,148367,93102,53331
,,,,2760,68442,28490,41099,53376,91156,54018,148367,93102,53331
,,,,2761,68442,28490,41099,53376,91156,54018,148367,93102,53331
,,,,2762,68442,28490,41099,53376,91156,54018,148367,93102,53331
,,,,2763,68442,28490,41099,53376,91156,54018,148367,93102,53331
,,,,2764,68442,28490,41099,53376,91156,54018,148367,93102,53331
,,,,2765,68442,28490,41099,53376,91156,54018,148367,93102,53331
,,,,2766,68442,28490,41099,53376,91156,54018,148367,93102,53331
,,,,2767,68442,28490,41099,53376,91156,54018,148367,93102,53331
,,,,2768,68442,28490,41099,53376,91156,54018,148367,93102,53331
,,,,2769,68442,28490,41099,53376,91156,54018,148367,93102,53331
,,,,2770,68442,28490,41099,53376,91156,54018,148367,93102,53331
,,,,2771,68442,28490,41099,53376,91156,54018,148367,93102,53331
,,,,2772,68442,28490,41099,53376,91156,54018,148367,93102,53331
,,,,2773,68442,28490,41099,53376,91156,54018,148367,93102,53331
,,,,2774,68442,28490,41099,53376,91156,54018,148367,93102,53331
,,,,2775,68442,28490,41099,53376,91156,54018,148367,93102,53331
,,,,2776,68442,28490,41099,53376,91156,54018,148367,93102,53331
,,,,2777,68442,28490,41099,53376,91156,54018,148367,93102,53331
,,,,2778,68442,28490,41099,53376,91156,54018,148367,93102,53331
,,,,2779,68442,28490,41099,53376,91156,54018,148367,93102,53331
,,,,2780,68442,28490,41099,53376,91156,54018,148367,93102,53331
,,,,2781,68442,28490,41099,53376,91156,54018,148367,93102,53331
,,,,2782,68442,28490,41099,53376,91156,54018,148367,93102,53331
,,,,2783,68442,28490,41099,53376,91156,54018,148367,93102,53331
,,,,2784,68442,28490,41099,53376,91156,54018,148367,93102,53331
,,,,2785,68442,28490,41099,53376,91156,54018,148367,93102,53331
,,,,2786,68442,28490,41099,53376,91156,54018,148367,93102,53331
,,,,2787,68442,28490,41099,53376,91156,54018,148367,93102,53331
,,,,2788,68442,28490,41099,53376,91156,54018,148367,93102,53331
,,,,2789,68442,28490,41099,53376,91156,54018,148367,93102,53331
,,,,2790,68442,28490,41099,53376,91156,54018,148367,93102,53331
,,,,2791,68442,28490,41099,53376,91156,54018,148367,93102,53331
,,,,2792,68442,28490,41099,53376,91156,54018,148367,93102,53331
,,,,2793,68442,28490,41099,53376,91156,54018,148367,93102,53331
,,,,2794,68442,28490,41099,53376,91156,54018,148367,93102,53331
,,,,2795,68442,28490,41099,53376,91156,54018,148367,93102,53331
,,,,2796,68442,28490,41099,53376,91156,54018,148367,93102,53331
,,,,2797,68442,28490,41099,53376,91156,54018,148367,93102,53331
,,,,2798,68442,28490,41099,53376,91156,54018,148367,93102,53331
,,,,2799,68442,28490,41099,53376,91156,54018,148367,93102,53331
,,,,2800,68442,28490,41099,53376,91156,54018,148367,93102,53331
,,,,2801,68442,28490,41099,53376,91156,54018,148367,93102,53331
,,,,2802,68442,28490,41099,53376,91156,54018,148367,93102,53331
,,,,2803,68442,28490,41099,53376,91156,54018,148367,93102,53331
,,,,2804,68442,28490,41099,53376,91156,54018,148367,93102,53331
,,,,2805,68442,28490,41099,53376,91156,54018,148367,93102,53331
,,,,2806,68442,28490,41099,53376,91156,54018,148367,93102,53331
,,,,2807,68442,28490,41099,53376,91156,54018,148367,93102,53331
,,,,2808,68442,28490,41099,53376,91156,54018,148367,93102,53331
,,,,2809,68442,28490,41099,53376,91156,54018,148367,93102,53331
,,,,2810,68442,28490,41099,53376,91156,54018,148367,93102,53331
,,,,2811,68442,28490,41099,53376,91156,54018,148367,93102,53331
,,,,2812,68442,28490,41099,53376,91156,54018,148367,93102,53331
,,,,2813,68442,28490,41099,53376,91156,54018,148367,93102,53331
,,,,2814,68442,28490,41099,53376,91156,54018,148367,93102,53331
,,,,2815,68442,28490,41099,53376,91156,54018,148367,93102,53331
,,,,2816,68442,28490,41099,53376,91156,54018,148367,93102,53331
,,,,2817,68442,28490,41099,53376,91156,54018,148367,93102,53331
,,,,2818,68442,28490,41099,53376,91156,54018,148367,93102,53331
,,,,2819,68442,28490,41099,53376,91156,54018,148367,93102,53331
,,,,2820,68442,28490,41099,53376,91156,54018,148367,93102,53331
,,,,2821,68442,28490,41099,53376,91156,54018,148367,93102,53331
,,,,2822,68442,28490,41099,53376,91156,54018,148367,93102,53331
,,,,2823,68442,28490,41099,53376,91156,54018,148367,93102,53331
,,,,2824,68442,28490,41099,53376,91156,54018,148367,93102,53331
,,,,2825,68442,28490,41099,53376,91156,54018,148367,93102,53331
,,,,2826,68442,28490,41099,53376,91156,54018,148367,93102,53331
,,,,2827,68442,28490,41099,53376,91156,54018,148367,93102,53331
,,,,2828,68442,28490,41099,53376,91156,54018,148367,93102,53331
,,,,2829,68442,28490,41099,53376,91156,54018,148367,93102,53331
,,,,2830,68442,28490,41099,53376,91156,54018,148367,93102,53331
,,,,2831,68442,28490,41099,53376,91156,54018,148367,93102,53331
,,,,2832,68442,28490,41099,53376,91156,54018,148367,93102,53331
,,,,2833,68442,28490,41099,53376,91156,54018,148367,93102,53331
,,,,2834,68442,28490,41099,53376,91156,54018,148367,93102,53331
,,,,2835,68442,28490,41099,53376,91156,54018,148367,93102,53331
,,,,2836,68442,28490,41099,53376,91156,54018,148367,93102,53331
,,,,2837,68442,28490,41099,53376,91156,54018,148367,93102,53331
,,,,2838,68442,28490,41099,53376,91156,54018,148367,93102,53331
,,,,2839,68442,28490,41099,53376,91156,54018,148367,93102,53331
,,,,2840,68442,28490,41099,53376,91156,54018,148367,93102,53331
,,,,2841,68442,28490,41099,53376,91156,54018,148367,93102,53331
,,,,2842,68442,28490,41099,53376,91156,54018,148367,93102,53331
,,,,2843,68442,28490,41099,53376,91156,54018,148367,93102,53331
,,,,2844,68442,28490,41099,53376,91156,54018,148367,93102,53331
,,,,2845,68442,28490,41099,53376,91156,54018,148367,93102,53331
,,,,2846,68442,28490,41099,53376,91156,54018,148367,93102,53331
,,,,2847,68442,28490,41099,53376,91156,54018,148367,93102,53331
,,,,2848,68442,28490,41099,53376,91156,54018,148367,93102,53331
,,,,2849,68442,28490,41099,53376,91156,54018,148367,93102,53331
,,,,2850,68442,28490,41099,53376,91156,54018,148367,93102,53331
,,,,2851,68442,28490,41099,53376,91156,54018,148367,93102,53331
,,,,2852,68442,28490,41099,53376,91156,54018,148367,93102,53331
,,,,2853,68442,28490,41099,53376,91156,54018,148367,93102,53331
,,,,2854,68442,28490,41099,53376,91156,54018,148367,93102,53331
,,,,2855,68442,28490,41099,53376,91156,54018,148367,93102,53331
,,,,2856,68442,28490,41099,53376,91156,54018,148367,93102,53331
,,,,2857,68442,28490,41099,53376,91156,54018,148367,93102,53331
,,,,2858,68442,28490,41099,53376,91156,54018,148367,93102,53331
,,,,2859,68442,28490,41099,53376,91156,54018,148367,93102,53331
,,,,2860,68442,28490,41099,53376,91156,54018,148367,93102,53331
,,,,2861,68442,28490,41099,53376,91156,54018,148367,93102,53331
,,,,2862,68442,28490,41099,53376,91156,54018,148367,93102,53331
,,,,2863,68442,28490,41099,53376,91156,54018,148367,93102,53331
,,,,2864,68442,28490,41099,53376,91156,54018,148367,93102,53331
,,,,2865,68442,28490,41099,53376,91156,54018,148367,93102,53331
,,,,2866,68442,28490,41099,53376,91156,54018,148367,93102,53331
,,,,2867,68442,28490,41099,53376,91156,54018,148367,93102,53331
,,,,2868,68442,28490,41099,53376,91156,54018,148367,93102,53331
,,,,2869,68442,28490,41099,53376,91156,54018,148367,93102,53331
,,,,2870,68442,28490,41099,53376,91156,54018,148367,93102,53331
,,,,2871,68442,28490,41099,53376,91156,54018,148367,93102,53331
,,,,2872,68442,28490,41099,53376,91156,54018,148367,93102,53331
,,,,2873,68442,28490,41099,53376,91156,54018,148367,93102,53331
,,,,2874,68442,28490,41099,53376,91156,54018,148367,93102,53331
,,,,2875,68442,28490,41099,53376,91156,54018,148367,93102,53331
,,,,2876,68442,28490,41099,53376,91156,54018,148367,93102,53331
,,,,2877,68442,28490,41099,53376,91156,54018,148367,93102,53331
,,,,2878,68442,28490,41099,53376,91156,54018,148367,93102,53331
,,,,2879,68442,28490,41099,53376,91156,54018,148367,93102,53331
,,,,2880,68442,28490,41099,53376,91156,54018,148367,93102,53331
,,,,2881,68442,28490,41099,53376,91156,54018,148367,93102,53331
,,,,2882,68442,28490,41099,53376,91156,54018,148367,93102,53331
,,,,2883,68442,28490,41099,53376,91156,54018,148367,93102,53331
,,,,2884,68442,28490,41099,53376,91156,54018,148367,93102,53331
,,,,2885,68442,28490,41099,53376,91156,54018,148367,93102,53331
,,,,2886,68442,28490,41099,53376,91156,54018,148367,93102,53331
,,,,2887,68442,28490,41099,53376,91156,54018,148367,93102,53331
,,,,2888,68442,28490,41099,53376,91156,54018,148367,93102,53331
,,,,2889,68442,28490,41099,53376,91156,54018,148367,93102,53331
,,,,2890,68442,28490,41099,53376,91156,54018,148367,93102,53331
,,,,2891,68442,28490,41099,53376,91156,54018,148367,93102,53331
,,,,2892,68442,28490,41099,53376,91156,54018,148367,93102,53331
,,,,2893,68442,28490,41099,53376,91156,54018,148367,93102,53331
,,,,2894,68442,28490,41099,53376,91156,54018,148367,93102,53331
,,,,2895,68442,28490,41099,53376,91156,54018,148367,93102,53331
,,,,2896,68442,28490,41099,53376,91156,54018,148367,93102,53331
,,,,2897,68442,28490,41099,53376,91156,54018,148367,93102,53331
,,,,2898,68442,28490,41099,53376,91156,54018,148367,93102,53331
,,,,2899,68442,28490,41099,53376,91156,54018,148367,93102,53331
,,,,2900,68442,28490,41099,53376,91156,54018,148367,93102,53331
,,,,2901,68442,28490,41099,53376,91156,54018,148367,93102,53331
,,,,2902,68442,28490,41099,53376,91156,54018,148367,93102,53331
,,,,2903,68442,28490,41099,53376,91156,54018,148367,93102,53331
,,,,2904,68442,28490,41099,53376,91156,54018,148367,93102,53331
,,,,2905,68442,28490,41099,53376,91156,54018,148367,93102,53331
,,,,2906,68442,28490,41099,53376,91156,54018,148367,93102,53331
,,,,2907,68442,28490,41099,53376,91156,54018,148367,93102,53331
,,,,2908,68442,28490,41099,53376,91156,54018,148367,93102,53331
,,,,2909,68442,28490,41099,53376,91156,54018,148367,93102,53331
,,,,2910,68442,28490,41099,53376,91156,54018,148367,93102,53331
,,,,2911,68442,28490,41099,53376,91156,54018,148367,93102,53331
,,,,2912,68442,28490,41099,53376,91156,54018,148367,93102,53331
,,,,2913,68442,28490,41099,53376,91156,54018,148367,93102,53331
,,,,2914,68442,28490,41099,53376,91156,54018,148367,93102,53331
,,,,2915,68442,28490,41099,53376,91156,54018,148367,93102,53331
,,,,2916,68442,28490,41099,53376,91156,54018,148367,93102,53331
,,,,2917,68442,28490,41099,53376,91156,54018,148367,93102,53331
,,,,2918,68442,28490,41099,53376,91156,54018,148367,93102,53331
,,,,2919,68442,28490,41099,53376,91156,54018,148367,93102,53331
,,,,2920,68442,28490,41099,53376,91156,54018,148367,93102,53331
,,,,2921,68442,28490,41099,53376,91156,54018,148367,93102,53331
,,,,2922,68442,28490,41099,53376,91156,54018,148367,93102,53331
,,,,2923,68442,28490,41099,53376,91156,54018,148367,93102,53331
,,,,2924,68442,28490,41099,53376,91156,54018,148367,93102,53331
,,,,2925,68442,28490,41099,53376,91156,54018,148367,93102,53331
,,,,2926,68442,28490,41099,53376,91156,54018,148367,93102,53331
,,,,2927,68442,28490,41099,53376,91156,54018,148367,93102,53331
,,,,2928,68442,28490,41099,53376,91156,54018,148367,93102,53331
,,,,2929,68442,28490,41099,53376,91156,54018,148367,93102,53331
,,,,2930,68442,28490,41099,53376,91156,54018,148367,93102,53331
,,,,2931,68442,28490,41099,53376,91156,54018,148367,93102,53331
,,,,2932,68442,28490,41099,53376,91156,54018,148367,93102,53331
,,,,2933,68442,28490,41099,53376,91156,54018,148367,93102,53331
,,,,2934,68442,28490,41099,53376,91156,54018,148367,93102,53331
,,,,2935,68442,28490,41099,53376,91156,54018,148367,93102,53331
,,,,2936,68442,28490,41099,53376,91156,54018,148367,93102,53331
,,,,2937,68442,28490,41099,53376,91156,54018,148367,93102,53331
,,,,2938,68442,28490,41099,53376,91156,54018,148367,93102,53331
,,,,2939,68442,28490,41099,53376,91156,54018,148367,93102,53331
,,,,2940,68442,28490,41099,53376,91156,54018,148367,93102,53331
,,,,2941,68442,28490,41099,53376,91156,54018,148367,93102,53331
,,,,2942,68442,28490,41099,53376,91156,54018,148367,93102,53331
,,,,2943,68442,28490,41099,53376,91156,54018,148367,93102,53331
,,,,2944,68442,28490,41099,53376,91156,54018,148367,93102,53331
,,,,2945,68442,28490,41099,53376,91156,54018,148367,93102,53331
,,,,2946,68442,28490,41099,53376,91156,54018,148367,93102,53331
,,,,2947,68442,28490,41099,53376,91156,54018,148367,93102,53331
,,,,2948,68442,28490,41099,53376,91156,54018,148367,93102,53331
,,,,2949,68442,28490,41099,53376,91156,54018,148367,93102,53331
,,,,2950,68442,28490,41099,53376,91156,54018,148367,93102,53331
,,,,2951,68442,28490,41099,53376,91156,54018,148367,93102,53331
,,,,2952,68442,28490,41099,53376,91156,54018,148367,93102,53331
,,,,2953,68442,28490,41099,53376,91156,54018,148367,93102,53331
,,,,2954,68442,28490,41099,53376,91156,54018,148367,93102,53331
,,,,2955,68442,28490,41099,53376,91156,54018,148367,93102,53331
,,,,2956,68442,28490,41099,53376,91156,54018,148367,93102,53331
,,,,2957,68442,28490,41099,53376,91156,54018,148367,93102,53331
,,,,2958,68442,28490,41099,53376,91156,54018,148367,93102,53331
,,,,2959,68442,28490,41099,53376,91156,54018,148367,93102,53331
,,,,2960,68442,28490,41099,53376,91156,54018,148367,93102,53331
,,,,2961,68442,28490,41099,53376,91156,54018,148367,93102,53331
,,,,2962,68442,28490,41099,53376,91156,54018,148367,93102,53331
,,,,2963,68442,28490,41099,53376,91156,54018,148367,93102,53331
,,,,2964,68442,28490,41099,53376,91156,54018,148367,93102,53331
,,,,2965,68442,28490,41099,53376,91156,54018,148367,93102,53331
,,,,2966,68442,28490,41099,53376,91156,54018,148367,93102,53331
,,,,2967,68442,28490,41099,53376,91156,54018,148367,93102,53331
,,,,2968,68442,28490,41099,53376,91156,54018,148367,93102,53331
,,,,2969,68442,28490,41099,53376,91156,54018,148367,93102,53331
,,,,2970,68442,28490,41099,53376,91156,54018,148367,93102,53331
,,,,2971,68442,28490,41099,53376,91156,54018,148367,93102,53331
,,,,2972,68442,28490,41099,53376,91156,54018,148367,93102,53331
,,,,2973,68442,28490,41099,53376,91156,54018,148367,93102,53331
,,,,2974,68442,28490,41099,53376,91156,54018,148367,93102,53331
,,,,2975,68442,28490,41099,53376,91156,54018,148367,93102,53331
,,,,2976,68442,28490,41099,53376,91156,54018,148367,93102,53331
,,,,2977,68442,28490,41099,53376,91156,54018,148367,93102,53331
,,,,2978,68442,28490,41099,53376,91156,54018,148367,93102,53331
,,,,2979,68442,28490,41099,53376,91156,54018,148367,93102,53331
,,,,2980,68442,28490,41099,53376,91156,54018,148367,93102,53331
,,,,2981,68442,28490,41099,53376,91156,54018,148367,93102,53331
,,,,2982,68442,28490,41099,53376,91156,54018,148367,93102,53331
,,,,2983,68442,28490,41099,53376,91156,54018,148367,93102,53331
,,,,2984,68442,28490,41099,53376,91156,54018,148367,93102,53331
,,,,2985,68442,28490,41099,53376,91156,54018,148367,93102,53331
,,,,2986,68442,28490,41099,53376,91156,54018,148367,93102,53331
,,,,2987,68442,28490,41099,53376,91156,54018,148367,93102,53331
,,,,2988,68442,28490,41099,53376,91156,54018,148367,93102,53331
,,,,2989,68442,28490,41099,53376,91156,54018,148367,93102,53331
,,,,2990,68442,28490,41099,53376,91156,54018,148367,93102,53331
,,,,2991,68442,28490,41099,53376,91156,54018,148367,93102,53331
,,,,2992,68442,28490,41099,53376,91156,54018,148367,93102,53331
,,,,2993,68442,28490,41099,53376,91156,54018,148367,93102,53331
,,,,2994,68442,28490,41099,53376,91156,54018,148367,93102,53331
,,,,2995,68442,28490,41099,53376,91156,54018,148367,93102,53331
,,,,2996,68442,28490,41099,53376,91156,54018,148367,93102,53331
,,,,2997,68442,28490,41099,53376,91156,54018,148367,93102,53331
,,,,2998,68442,28490,41099,53376,91156,54018,148367,93102,53331
,,,,2999,68442,28490,41099,53376,91156,54018,148367,93102,53331
,,,,3000,68442,28490,41099,53376,91156,54018,148367,93102,53331
,,,,3001,68442,28490,41099,53376,91156,54018,148367,93102,53331
,,,,3002,68442,28490,41099,53376,91156,54018,148367,93102,53331
,,,,3003,68442,28490,41099,53376,91156,54018,148367,93102,53331
,,,,3004,68442,28490,41099,53376,91156,54018,148367,93102,53331
,,,,3005,68442,28490,41099,53376,91156,54018,148367,93102,53331
,,,,3006,68442,28490,41099,53376,91156,54018,148367,93102,53331
,,,,3007,68442,28490,41099,53376,91156,54018,148367,93102,53331
,,,,3008,68442,28490,41099,53376,91156,54018,148367,93102,53331
,,,,3009,68442,28490,41099,53376,91156,54018,148367,93102,53331
,,,,3010,68442,28490,41099,53376,91156,54018,148367,93102,53331
,,,,3011,68442,28490,41099,53376,91156,54018,148367,93102,53331
,,,,3012,68442,28490,41099,53376,91156,54018,148367,93102,53331
,,,,3013,68442,28490,41099,53376,91156,54018,148367,93102,53331
,,,,3014,68442,28490,41099,53376,91156,54018,148367,93102,53331
,,,,3015,68442,28490,41099,53376,91156,54018,148367,93102,53331
,,,,3016,68442,28490,41099,53376,91156,54018,148367,93102,53331
,,,,3017,68442,28490,41099,53376,91156,54018,148367,93102,53331
,,,,3018,68442,28490,41099,53376,91156,54018,148367,93102,53331
,,,,3019,68442,28490,41099,53376,91156,54018,148367,93102,53331
,,,,3020,68442,28490,41099,53376,91156,54018,148367,93102,53331
,,,,3021,68442,28490,41099,53376,91156,54018,148367,93102,53331
,,,,3022,68442,28490,41099,53376,91156,54018,148367,93102,53331
,,,,3023,68442,28490,41099,53376,91156,54018,148367,93102,53331
,,,,3024,68442,28490,41099,53376,91156,54018,148367,93102,53331
,,,,3025,68442,28490,41099,53376,91156,54018,148367,93102,53331
,,,,3026,68442,28490,41099,53376,91156,54018,148367,93102,53331
,,,,3027,68442,28490,41099,53376,91156,54018,148367,93102,53331
,,,,3028,68442,28490,41099,53376,91156,54018,148367,93102,53331
,,,,3029,68442,28490,41099,53376,91156,54018,148367,93102,53331
,,,,3030,68442,28490,41099,53376,91156,54018,148367,93102,53331
,,,,3031,68442,28490,41099,53376,91156,54018,148367,93102,53331
,,,,3032,68442,28490,41099,53376,91156,54018,148367,93102,53331
,,,,3033,68442,28490,41099,53376,91156,54018,148367,93102,53331
,,,,3034,68442,28490,41099,53376,91156,54018,148367,93102,53331
,,,,3035,68442,28490,41099,53376,91156,54018,148367,93102,53331
,,,,3036,68442,28490,41099,53376,91156,54018,148367,93102,53331
,,,,3037,68442,28490,41099,53376,91156,54018,148367,93102,53331
,,,,3038,68442,28490,41099,53376,91156,54018,148367,93102,53331
,,,,3039,68442,28490,41099,53376,91156,54018,148367,93102,53331
,,,,3040,68442,28490,41099,53376,91156,54018,148367,93102,53331
,,,,3041,68442,28490,41099,53376,91156,54018,148367,93102,53331
,,,,3042,68442,28490,41099,53376,91156,54018,148367,93102,53331
,,,,3043,68442,28490,41099,53376,91156,54018,148367,93102,53331
,,,,3044,68442,28490,41099,53376,91156,54018,148367,93102,53331
,,,,3045,68442,28490,41099,53376,91156,54018,148367,93102,53331
,,,,3046,68442,28490,41099,53376,91156,54018,148367,93102,53331
,,,,3047,68442,28490,41099,53376,91156,54018,148367,93102,53331
,,,,3048,68442,28490,41099,53376,91156,54018,148367,93102,53331
,,,,3049,68442,28490,41099,53376,91156,54018,148367,93102,53331
,,,,3050,68442,28490,41099,53376,91156,54018,148367,93102,53331
,,,,3051,68442,28490,41099,53376,91156,54018,148367,93102,53331
,,,,3052,68442,28490,41099,53376,91156,54018,148367,93102,53331
,,,,3053,68442,28490,41099,53376,91156,54018,148367,93102,53331
,,,,3054,68442,28490,41099,53376,91156,54018,148367,93102,53331
,,,,3055,68442,28490,41099,53376,91156,54018,148367,93102,53331
,,,,3056,68442,28490,41099,53376,91156,54018,148367,93102,53331
,,,,3057,68442,28490,41099,53376,91156,54018,148367,93102,53331
,,,,3058,68442,28490,41099,53376,91156,54018,148367,93102,53331
,,,,3059,68442,28490,41099,53376,91156,54018,148367,93102,53331
,,,,3060,68442,28490,41099,53376,91156,54018,148367,93102,53331
,,,,3061,68442,28490,41099,53376,91156,54018,148367,93102,53331
,,,,3062,68442,28490,41099,53376,91156,54018,148367,93102,53331
,,,,3063,68442,28490,41099,53376,91156,54018,148367,93102,53331
,,,,3064,68442,28490,41099,53376,91156,54018,148367,93102,53331
,,,,3065,68442,28490,41099,53376,91156,54018,148367,93102,53331
,,,,3066,68442,28490,41099,53376,91156,54018,148367,93102,53331
,,,,3067,68442,28490,41099,53376,91156,54018,148367,93102,53331
,,,,3068,68442,28490,41099,53376,91156,54018,148367,93102,53331
,,,,3069,68442,28490,41099,53376,91156,54018,148367,93102,53331
,,,,3070,68442,28490,41099,53376,91156,54018,148367,93102,53331
,,,,3071,68442,28490,41099,53376,91156,54018,148367,93102,53331
,,,,3072,68442,28490,41099,53376,91156,54018,148367,93102,53331
,,,,3073,68442,28490,41099,53376,91156,54018,148367,93102,53331
,,,,3074,68442,28490,41099,53376,91156,54018,148367,93102,53331
,,,,3075,68442,28490,41099,53376,91156,54018,148367,93102,53331
,,,,3076,68442,28490,41099,53376,91156,54018,148367,93102,53331
,,,,3077,68442,28490,41099,53376,91156,54018,148367,93102,53331
,,,,3078,68442,28490,41099,53376,91156,54018,148367,93102,53331
,,,,3079,68442,28490,41099,53376,91156,54018,148367,93102,53331
,,,,3080,68442,28490,41099,53376,91156,54018,148367,93102,53331
,,,,3081,68442,28490,41099,53376,91156,54018,148367,93102,53331
,,,,3082,68442,28490,41099,53376,91156,54018,148367,93102,53331
,,,,3083,68442,28490,41099,53376,91156,54018,148367,93102,53331
,,,,3084,68442,28490,41099,53376,91156,54018,148367,93102,53331
,,,,3085,68442,28490,41099,53376,91156,54018,148367,93102,53331
,,,,3086,68442,28490,41099,53376,91156,54018,148367,93102,53331
,,,,3087,68442,28490,41099,53376,91156,54018,148367,93102,53331
,,,,3088,68442,28490,41099,53376,91156,54018,148367,93102,53331
,,,,3089,68442,28490,41099,53376,91156,54018,148367,93102,53331
,,,,3090,68442,28490,41099,53376,91156,54018,148367,93102,53331
,,,,3091,68442,28490,41099,53376,91156,54018,148367,93102,53331
,,,,3092,68442,28490,41099,53376,91156,54018,148367,93102,53331
,,,,3093,68442,28490,41099,53376,91156,54018,148367,93102,53331
,,,,3094,68442,28490,41099,53376,91156,54018,148367,93102,53331
,,,,3095,68442,28490,41099,53376,91156,54018,148367,93102,53331
,,,,3096,68442,28490,41099,53376,91156,54018,148367,93102,53331
,,,,3097,68442,28490,41099,53376,91156,54018,148367,93102,53331
,,,,3098,68442,28490,41099,53376,91156,54018,148367,93102,53331
,,,,3099,68442,28490,41099,53376,91156,54018,148367,93102,53331
,,,,3100,68442,28490,41099,53376,91156,54018,148367,93102,53331
,,,,3101,68442,28490,41099,53376,91156,54018,148367,93102,53331
,,,,3102,68442,28490,41099,53376,91156,54018,148367,93102,53331
,,,,3103,68442,28490,41099,53376,91156,54018,148367,93102,53331
,,,,3104,68442,28490,41099,53376,91156,54018,148367,93102,53331
,,,,3105,68442,28490,41099,53376,91156,54018,148367,93102,53331
,,,,3106,68442,28490,41099,53376,91156,54018,148367,93102,53331
,,,,3107,68442,28490,41099,53376,91156,54018,148367,93102,53331
,,,,3108,68442,28490,41099,53376,91156,54018,148367,93102,53331
,,,,3109,68442,28490,41099,53376,91156,54018,148367,93102,53331
,,,,3110,68442,28490,41099,53376,91156,54018,148367,93102,53331
,,,,3111,68442,28490,41099,53376,91156,54018,148367,93102,53331
,,,,3112,68442,28490,41099,53376,91156,54018,148367,93102,53331
,,,,3113,68442,28490,41099,53376,91156,54018,148367,93102,53331
,,,,3114,68442,28490,41099,53376,91156,54018,148367,93102,53331
,,,,3115,68442,28490,41099,53376,91156,54018,148367,93102,53331
,,,,3116,68442,28490,41099,53376,91156,54018,148367,93102,53331
,,,,3117,68442,28490,41099,53376,91156,54018,148367,93102,53331
,,,,3118,68442,28490,41099,53376,91156,54018,148367,93102,53331
,,,,3119,68442,28490,41099,53376,91156,54018,148367,93102,53331
,,,,3120,68442,28490,41099,53376,91156,54018,148367,93102,53331
,,,,3121,68442,28490,41099,53376,91156,54018,148367,93102,53331
,,,,3122,68442,28490,41099,53376,91156,54018,148367,93102,53331
,,,,3123,68442,28490,41099,53376,91156,54018,148367,93102,53331
,,,,3124,68442,28490,41099,53376,91156,54018,148367,93102,53331
,,,,3125,68442,28490,41099,53376,91156,54018,148367,93102,53331
,,,,3126,68442,28490,41099,53376,91156,54018,148367,93102,53331
,,,,3127,68442,28490,41099,53376,91156,54018,148367,93102,53331
,,,,3128,68442,28490,41099,53376,91156,54018,148367,93102,53331
,,,,3129,68442,28490,41099,53376,91156,54018,148367,93102,53331
,,,,3130,68442,28490,41099,53376,91156,54018,148367,93102,53331
,,,,3131,68442,28490,41099,53376,91156,54018,148367,93102,53331
,,,,3132,68442,28490,41099,53376,91156,54018,148367,93102,53331
,,,,3133,68442,28490,41099,53376,91156,54018,148367,93102,53331
,,,,3134,68442,28490,41099,53376,91156,54018,148367,93102,53331
,,,,3135,68442,28490,41099,53376,91156,54018,148367,93102,53331
,,,,3136,68442,28490,41099,53376,91156,54018,148367,93102,53331
,,,,3137,68442,28490,41099,53376,91156,54018,148367,93102,53331
,,,,3138,68442,28490,41099,53376,91156,54018,148367,93102,53331
,,,,3139,68442,28490,41099,53376,91156,54018,148367,93102,53331
,,,,3140,68442,28490,41099,53376,91156,54018,148367,93102,53331
,,,,3141,68442,28490,41099,53376,91156,54018,148367,93102,53331
,,,,3142,68442,28490,41099,53376,91156,54018,148367,93102,53331
,,,,3143,68442,28490,41099,53376,91156,54018,148367,93102,53331
,,,,3144,68442,28490,41099,53376,91156,54018,148367,93102,53331
,,,,3145,68442,28490,41099,53376,91156,54018,148367,93102,53331
,,,,3146,68442,28490,41099,53376,91156,54018,148367,93102,53331
,,,,3147,68442,28490,41099,53376,91156,54018,148367,93102,53331
,,,,3148,68442,28490,41099,53376,91156,54018,148367,93102,53331
,,,,3149,68442,28490,41099,53376,91156,54018,148367,93102,53331
,,,,3150,68442,28490,41099,53376,91156,54018,148367,93102,53331
,,,,3151,68442,28490,41099,53376,91156,54018,148367,93102,53331
,,,,3152,68442,28490,41099,53376,91156,54018,148367,93102,53331
,,,,3153,68442,28490,41099,53376,91156,54018,148367,93102,53331
,,,,3154,68442,28490,41099,53376,91156,54018,148367,93102,53331
,,,,3155,68442,28490,41099,53376,91156,54018,148367,93102,53331
,,,,3156,68442,28490,41099,53376,91156,54018,148367,93102,53331
,,,,3157,68442,28490,41099,53376,91156,54018,148367,93102,53331
,,,,3158,68442,28490,41099,53376,91156,54018,148367,93102,53331
,,,,3159,68442,28490,41099,53376,91156,54018,148367,93102,53331
,,,,3160,68442,28490,41099,53376,91156,54018,148367,93102,53331
,,,,3161,68442,28490,41099,53376,91156,54018,148367,93102,53331
,,,,3162,68442,28490,41099,53376,91156,54018,148367,93102,53331
,,,,3163,68442,28490,41099,53376,91156,54018,148367,93102,53331
,,,,3164,68442,28490,41099,53376,91156,54018,148367,93102,53331
,,,,3165,68442,28490,41099,53376,91156,54018,148367,93102,53331
,,,,3166,68442,28490,41099,53376,91156,54018,148367,93102,53331
,,,,3167,68442,28490,41099,53376,91156,54018,148367,93102,53331
,,,,3168,68442,28490,41099,53376,91156,54018,148367,93102,53331
,,,,3169,68442,28490,41099,53376,91156,54018,148367,93102,53331
,,,,3170,68442,28490,41099,53376,91156,54018,148367,93102,53331
,,,,3171,68442,28490,41099,53376,91156,54018,148367,93102,53331
,,,,3172,68442,28490,41099,53376,91156,54018,148367,93102,53331
,,,,3173,68442,28490,41099,53376,91156,54018,148367,93102,53331
,,,,3174,68442,28490,41099,53376,91156,54018,148367,93102,53331
,,,,3175,68442,28490,41099,53376,91156,54018,148367,93102,53331
,,,,3176,68442,28490,41099,53376,91156,54018,148367,93102,53331
,,,,3177,68442,28490,41099,53376,91156,54018,148367,93102,53331
,,,,3178,68442,28490,41099,53376,91156,54018,148367,93102,53331
,,,,3179,68442,28490,41099,53376,91156,54018,148367,93102,53331
,,,,3180,68442,28490,41099,53376,91156,54018,148367,93102,53331
,,,,3181,68442,28490,41099,53376,91156,54018,148367,93102,53331
,,,,3182,68442,28490,41099,53376,91156,54018,148367,93102,53331
,,,,3183,68442,28490,41099,53376,91156,54018,148367,93102,53331
,,,,3184,68442,28490,41099,53376,91156,54018,148367,93102,53331
,,,,3185,68442,28490,41099,53376,91156,54018,148367,93102,53331
,,,,3186,68442,28490,41099,53376,91156,54018,148367,93102,53331
,,,,3187,68442,28490,41099,53376,91156,54018,148367,93102,53331
,,,,3188,68442,28490,41099,53376,91156,54018,148367,93102,53331
,,,,3189,68442,28490,41099,53376,91156,54018,148367,93102,53331
,,,,3190,68442,28490,41099,53376,91156,54018,148367,93102,53331
,,,,3191,68442,28490,41099,53376,91156,54018,148367,93102,53331
,,,,3192,68442,28490,41099,53376,91156,54018,148367,93102,53331
,,,,3193,68442,28490,41099,53376,91156,54018,148367,93102,53331
,,,,3194,68442,28490,41099,53376,91156,54018,148367,93102,53331
,,,,3195,68442,28490,41099,53376,91156,54018,148367,93102,53331
,,,,3196,68442,28490,41099,53376,91156,54018,148367,93102,53331
,,,,3197,68442,28490,41099,53376,91156,54018,148367,93102,53331
,,,,3198,68442,28490,41099,53376,91156,54018,148367,93102,53331
,,,,3199,68442,28490,41099,53376,91156,54018,148367,93102,53331
,,,,3200,68442,28490,41099,53376,91156,54018,148367,93102,53331
,,,,3201,68442,28490,41099,53376,91156,54018,148367,93102,53331
,,,,3202,68442,28490,41099,53376,91156,54018,148367,93102,53331
,,,,3203,68442,28490,41099,53376,91156,54018,148367,93102,53331
,,,,3204,68442,28490,41099,53376,91156,54018,148367,93102,53331
,,,,3205,68442,28490,41099,53376,91156,54018,148367,93102,53331
,,,,3206,68442,28490,41099,53376,91156,54018,148367,93102,53331
,,,,3207,68442,28490,41099,53376,91156,54018,148367,93102,53331
,,,,3208,68442,28490,41099,53376,91156,54018,148367,93102,53331
,,,,3209,68442,28490,41099,53376,91156,54018,148367,93102,53331
,,,,3210,68442,28490,41099,53376,91156,54018,148367,93102,53331
,,,,3211,68442,28490,41099,53376,91156,54018,148367,93102,53331
,,,,3212,68442,28490,41099,53376,91156,54018,148367,93102,53331
,,,,3213,68442,28490,41099,53376,91156,54018,148367,93102,53331
,,,,3214,68442,28490,41099,53376,91156,54018,148367,93102,53331
,,,,3215,68442,28490,41099,53376,91156,54018,148367,93102,53331
,,,,3216,68442,28490,41099,53376,91156,54018,148367,93102,53331
,,,,3217,68442,28490,41099,53376,91156,54018,148367,93102,53331
,,,,3218,68442,28490,41099,53376,91156,54018,148367,93102,53331
,,,,3219,68442,28490,41099,53376,91156,54018,148367,93102,53331
,,,,3220,68442,28490,41099,53376,91156,54018,148367,93102,53331
,,,,3221,68442,28490,41099,53376,91156,54018,148367,93102,53331
,,,,3222,68442,28490,41099,53376,91156,54018,148367,93102,53331
,,,,3223,68442,28490,41099,53376,91156,54018,148367,93102,53331
,,,,3224,68442,28490,41099,53376,91156,54018,148367,93102,53331
,,,,3225,68442,28490,41099,53376,91156,54018,148367,93102,53331
,,,,3226,68442,28490,41099,53376,91156,54018,148367,93102,53331
,,,,3227,68442,28490,41099,53376,91156,54018,148367,93102,53331
,,,,3228,68442,28490,41099,53376,91156,54018,148367,93102,53331
,,,,3229,68442,28490,41099,53376,91156,54018,148367,93102,53331
,,,,3230,68442,28490,41099,53376,91156,54018,148367,93102,53331
,,,,3231,68442,28490,41099,53376,91156,54018,148367,93102,53331
,,,,3232,68442,28490,41099,53376,91156,54018,148367,93102,53331
,,,,3233,68442,28490,41099,53376,91156,54018,148367,93102,53331
,,,,3234,68442,28490,41099,53376,91156,54018,148367,93102,53331
,,,,3235,68442,28490,41099,53376,91156,54018,148367,93102,53331
,,,,3236,68442,28490,41099,53376,91156,54018,148367,93102,53331
,,,,3237,68442,28490,41099,53376,91156,54018,148367,93102,53331
,,,,3238,68442,28490,41099,53376,91156,54018,148367,93102,53331
,,,,3239,68442,28490,41099,53376,91156,54018,148367,93102,53331
,,,,3240,68442,28490,41099,53376,91156,54018,148367,93102,53331
,,,,3241,68442,28490,41099,53376,91156,54018,148367,93102,53331
,,,,3242,68442,28490,41099,53376,91156,54018,148367,93102,53331
,,,,3243,68442,28490,41099,53376,91156,54018,148367,93102,53331
,,,,3244,68442,28490,41099,53376,91156,54018,148367,93102,53331
,,,,3245,68442,28490,41099,53376,91156,54018,148367,93102,53331
,,,,3246,68442,28490,41099,53376,91156,54018,148367,93102,53331
,,,,3247,68442,28490,41099,53376,91156,54018,148367,93102,53331
,,,,3248,68442,28490,41099,53376,91156,54018,148367,93102,53331
,,,,3249,68442,28490,41099,53376,91156,54018,148367,93102,53331
,,,,3250,68442,28490,41099,53376,91156,54018,148367,93102,53331
,,,,3251,68442,28490,41099,53376,91156,54018,148367,93102,53331
,,,,3252,68442,28490,41099,53376,91156,54018,148367,93102,53331
,,,,3253,68442,28490,41099,53376,91156,54018,148367,93102,53331
,,,,3254,68442,28490,41099,53376,91156,54018,148367,93102,53331
,,,,3255,68442,28490,41099,53376,91156,54018,148367,93102,53331
,,,,3256,68442,28490,41099,53376,91156,54018,148367,93102,53331
,,,,3257,68442,28490,41099,53376,91156,54018,148367,93102,53331
,,,,3258,68442,28490,41099,53376,91156,54018,148367,93102,53331
,,,,3259,68442,28490,41099,53376,91156,54018,148367,93102,53331
,,,,3260,68442,28490,41099,53376,91156,54018,148367,93102,53331
,,,,3261,68442,28490,41099,53376,91156,54018,148367,93102,53331
,,,,3262,68442,28490,41099,53376,91156,54018,148367,93102,53331
,,,,3263,68442,28490,41099,53376,91156,54018,148367,93102,53331
,,,,3264,68442,28490,41099,53376,91156,54018,148367,93102,53331
,,,,3265,68442,28490,41099,53376,91156,54018,148367,93102,53331
,,,,3266,68442,28490,41099,53376,91156,54018,148367,93102,53331
,,,,3267,68442,28490,41099,53376,91156,54018,148367,93102,53331
,,,,3268,68442,28490,41099,53376,91156,54018,148367,93102,53331
,,,,3269,68442,28490,41099,53376,91156,54018,148367,93102,53331
,,,,3270,68442,28490,41099,53376,91156,54018,148367,93102,53331
,,,,3271,68442,28490,41099,53376,91156,54018,148367,93102,53331
,,,,3272,68442,28490,41099,53376,91156,54018,148367,93102,53331
,,,,3273,68442,28490,41099,53376,91156,54018,148367,93102,53331
,,,,3274,68442,28490,41099,53376,91156,54018,148367,93102,53331
,,,,3275,68442,28490,41099,53376,91156,54018,148367,93102,53331
,,,,3276,68442,28490,41099,53376,91156,54018,148367,93102,53331
,,,,3277,68442,28490,41099,53376,91156,54018,148367,93102,53331
,,,,3278,68442,28490,41099,53376,91156,54018,148367,93102,53331
,,,,3279,68442,28490,41099,53376,91156,54018,148367,93102,53331
,,,,3280,68442,28490,41099,53376,91156,54018,148367,93102,53331
,,,,3281,68442,28490,41099,53376,91156,54018,148367,93102,53331
,,,,3282,68442,28490,41099,53376,91156,54018,148367,93102,53331
,,,,3283,68442,28490,41099,53376,91156,54018,148367,93102,53331
,,,,3284,68442,28490,41099,53376,91156,54018,148367,93102,53331
,,,,3285,68442,28490,41099,53376,91156,54018,148367,93102,53331
,,,,3286,68442,28490,41099,53376,91156,54018,148367,93102,53331
,,,,3287,68442,28490,41099,53376,91156,54018,148367,93102,53331
,,,,3288,68442,28490,41099,53376,91156,54018,148367,93102,53331
,,,,3289,68442,28490,41099,53376,91156,54018,148367,93102,53331
,,,,3290,68442,28490,41099,53376,91156,54018,148367,93102,53331
,,,,3291,68442,28490,41099,53376,91156,54018,148367,93102,53331
,,,,3292,68442,28490,41099,53376,91156,54018,148367,93102,53331
,,,,3293,68442,28490,41099,53376,91156,54018,148367,93102,53331
,,,,3294,68442,28490,41099,53376,91156,54018,148367,93102,53331
,,,,3295,68442,28490,41099,53376,91156,54018,148367,93102,53331
,,,,3296,68442,28490,41099,53376,91156,54018,148367,93102,53331
,,,,3297,68442,28490,41099,53376,91156,54018,148367,93102,53331
,,,,3298,68442,28490,41099,53376,91156,54018,148367,93102,53331
,,,,3299,68442,28490,41099,53376,91156,54018,148367,93102,53331
,,,,3300,68442,28490,41099,53376,91156,54018,148367,93102,53331
,,,,3301,68442,28490,41099,53376,91156,54018,148367,93102,53331
,,,,3302,68442,28490,41099,53376,91156,54018,148367,93102,53331
,,,,3303,68442,28490,41099,53376,91156,54018,148367,93102,53331
,,,,3304,68442,28490,41099,53376,91156,54018,148367,93102,53331
,,,,3305,68442,28490,41099,53376,91156,54018,148367,93102,53331
,,,,3306,68442,28490,41099,53376,91156,54018,148367,93102,53331
,,,,3307,68442,28490,41099,53376,91156,54018,148367,93102,53331
,,,,3308,68442,28490,41099,53376,91156,54018,148367,93102,53331
,,,,3309,68442,28490,41099,53376,91156,54018,148367,93102,53331
,,,,3310,68442,28490,41099,53376,91156,54018,148367,93102,53331
,,,,3311,68442,28490,41099,53376,91156,54018,148367,93102,53331
,,,,3312,68442,28490,41099,53376,91156,54018,148367,93102,53331
,,,,3313,68442,28490,41099,53376,91156,54018,148367,93102,53331
,,,,3314,68442,28490,41099,53376,91156,54018,148367,93102,53331
,,,,3315,68442,28490,41099,53376,91156,54018,148367,93102,53331
,,,,3316,68442,28490,41099,53376,91156,54018,148367,93102,53331
,,,,3317,68442,28490,41099,53376,91156,54018,148367,93102,53331
,,,,3318,68442,28490,41099,53376,91156,54018,148367,93102,53331
,,,,3319,68442,28490,41099,53376,91156,54018,148367,93102,53331
,,,,3320,68442,28490,41099,53376,91156,54018,148367,93102,53331
,,,,3321,68442,28490,41099,53376,91156,54018,148367,93102,53331
,,,,3322,68442,28490,41099,53376,91156,54018,148367,93102,53331
,,,,3323,68442,28490,41099,53376,91156,54018,148367,93102,53331
,,,,3324,68442,28490,41099,53376,91156,54018,148367,93102,53331
,,,,3325,68442,28490,41099,53376,91156,54018,148367,93102,53331
,,,,3326,68442,28490,41099,53376,91156,54018,148367,93102,53331
,,,,3327,68442,28490,41099,53376,91156,54018,148367,93102,53331
,,,,3328,68442,28490,41099,53376,91156,54018,148367,93102,53331
,,,,3329,68442,28490,41099,53376,91156,54018,148367,93102,53331
,,,,3330,68442,28490,41099,53376,91156,54018,148367,93102,53331
,,,,3331,68442,28490,41099,53376,91156,54018,148367,93102,53331
,,,,3332,68442,28490,41099,53376,91156,54018,148367,93102,53331
,,,,3333,68442,28490,41099,53376,91156,54018,148367,93102,53331
,,,,3334,68442,28490,41099,53376,91156,54018,148367,93102,53331
,,,,3335,68442,28490,41099,53376,91156,54018,148367,93102,53331
,,,,3336,68442,28490,41099,53376,91156,54018,148367,93102,53331
,,,,3337,68442,28490,41099,53376,91156,54018,148367,93102,53331
,,,,3338,68442,28490,41099,53376,91156,54018,148367,93102,53331
,,,,3339,68442,28490,41099,53376,91156,54018,148367,93102,53331
,,,,3340,68442,28490,41099,53376,91156,54018,148367,93102,53331
,,,,3341,68442,28490,41099,53376,91156,54018,148367,93102,53331
,,,,3342,68442,28490,41099,53376,91156,54018,148367,93102,53331
,,,,3343,68442,28490,41099,53376,91156,54018,148367,93102,53331
,,,,3344,68442,28490,41099,53376,91156,54018,148367,93102,53331
,,,,3345,68442,28490,41099,53376,91156,54018,148367,93102,53331
,,,,3346,68442,28490,41099,53376,91156,54018,148367,93102,53331
,,,,3347,68442,28490,41099,53376,91156,54018,148367,93102,53331
,,,,3348,68442,28490,41099,53376,91156,54018,148367,93102,53331
,,,,3349,68442,28490,41099,53376,91156,54018,148367,93102,53331
,,,,3350,68442,28490,41099,53376,91156,54018,148367,93102,53331
,,,,3351,68442,28490,41099,53376,91156,54018,148367,93102,53331
,,,,3352,68442,28490,41099,53376,91156,54018,148367,93102,53331
,,,,3353,68442,28490,41099,53376,91156,54018,148367,93102,53331
,,,,3354,68442,28490,41099,53376,91156,54018,148367,93102,53331
,,,,3355,68442,28490,41099,53376,91156,54018,148367,93102,53331
,,,,3356,68442,28490,41099,53376,91156,54018,148367,93102,53331
,,,,3357,68442,28490,41099,53376,91156,54018,148367,93102,53331
,,,,3358,68442,28490,41099,53376,91156,54018,148367,93102,53331
,,,,3359,68442,28490,41099,53376,91156,54018,148367,93102,53331
,,,,3360,68442,28490,41099,53376,91156,54018,148367,93102,53331
,,,,3361,68442,28490,41099,53376,91156,54018,148367,93102,53331
,,,,3362,68442,28490,41099,53376,91156,54018,148367,93102,53331
,,,,3363,68442,28490,41099,53376,91156,54018,148367,93102,53331
,,,,3364,68442,28490,41099,53376,91156,54018,148367,93102,53331
,,,,3365,68442,28490,41099,53376,91156,54018,148367,93102,53331
,,,,3366,68442,28490,41099,53376,91156,54018,148367,93102,53331
,,,,3367,68442,28490,41099,53376,91156,54018,148367,93102,53331
,,,,3368,68442,28490,41099,53376,91156,54018,148367,93102,53331
,,,,3369,68442,28490,41099,53376,91156,54018,148367,93102,53331
,,,,3370,68442,28490,41099,53376,91156,54018,148367,93102,53331
,,,,3371,68442,28490,41099,53376,91156,54018,148367,93102,53331
,,,,3372,68442,28490,41099,53376,91156,54018,148367,93102,53331
,,,,3373,68442,28490,41099,53376,91156,54018,148367,93102,53331
,,,,3374,68442,28490,41099,53376,91156,54018,148367,93102,53331
,,,,3375,68442,28490,41099,53376,91156,54018,148367,93102,53331
,,,,3376,68442,28490,41099,53376,91156,54018,148367,93102,53331
,,,,3377,68442,28490,41099,53376,91156,54018,148367,93102,53331
,,,,3378,68442,28490,41099,53376,91156,54018,148367,93102,53331
,,,,3379,68442,28490,41099,53376,91156,54018,148367,93102,53331
,,,,3380,68442,28490,41099,53376,91156,54018,148367,93102,53331
,,,,3381,68442,28490,41099,53376,91156,54018,148367,93102,53331
,,,,3382,68442,28490,41099,53376,91156,54018,148367,93102,53331
,,,,3383,68442,28490,41099,53376,91156,54018,148367,93102,53331
,,,,3384,68442,28490,41099,53376,91156,54018,148367,93102,53331
,,,,3385,68442,28490,41099,53376,91156,54018,148367,93102,53331
,,,,3386,68442,28490,41099,53376,91156,54018,148367,93102,53331
,,,,3387,68442,28490,41099,53376,91156,54018,148367,93102,53331
,,,,3388,68442,28490,41099,53376,91156,54018,148367,93102,53331
,,,,3389,68442,28490,41099,53376,91156,54018,148367,93102,53331
,,,,3390,68442,28490,41099,53376,91156,54018,148367,93102,53331
,,,,3391,68442,28490,41099,53376,91156,54018,148367,93102,53331
,,,,3392,68442,28490,41099,53376,91156,54018,148367,93102,53331
,,,,3393,68442,28490,41099,53376,91156,54018,148367,93102,53331
,,,,3394,68442,28490,41099,53376,91156,54018,148367,93102,53331
,,,,3395,68442,28490,41099,53376,91156,54018,148367,93102,53331
,,,,3396,68442,28490,41099,53376,91156,54018,148367,93102,53331
,,,,3397,68442,28490,41099,53376,91156,54018,148367,93102,53331
,,,,3398,68442,28490,41099,53376,91156,54018,148367,93102,53331
,,,,3399,68442,28490,41099,53376,91156,54018,148367,93102,53331
,,,,3400,68442,28490,41099,53376,91156,54018,148367,93102,53331
,,,,3401,68442,28490,41099,53376,91156,54018,148367,93102,53331
,,,,3402,68442,28490,41099,53376,91156,54018,148367,93102,53331
,,,,3403,68442,28490,41099,53376,91156,54018,148367,93102,53331
,,,,3404,68442,28490,41099,53376,91156,54018,148367,93102,53331
,,,,3405,68442,28490,41099,53376,91156,54018,148367,93102,53331
,,,,3406,68442,28490,41099,53376,91156,54018,148367,93102,53331
,,,,3407,68442,28490,41099,53376,91156,54018,148367,93102,53331
,,,,3408,68442,28490,41099,53376,91156,54018,148367,93102,53331
,,,,3409,68442,28490,41099,53376,91156,54018,148367,93102,53331
,,,,3410,68442,28490,41099,53376,91156,54018,148367,93102,53331
,,,,3411,68442,28490,41099,53376,91156,54018,148367,93102,53331
,,,,3412,68442,28490,41099,53376,91156,54018,148367,93102,53331
,,,,3413,68442,28490,41099,53376,91156,54018,148367,93102,53331
,,,,3414,68442,28490,41099,53376,91156,54018,148367,93102,53331
,,,,3415,68442,28490,41099,53376,91156,54018,148367,93102,53331
,,,,3416,68442,28490,41099,53376,91156,54018,148367,93102,53331
,,,,3417,68442,28490,41099,53376,91156,54018,148367,93102,53331
,,,,3418,68442,28490,41099,53376,91156,54018,148367,93102,53331
,,,,3419,68442,28490,41099,53376,91156,54018,148367,93102,53331
,,,,3420,68442,28490,41099,53376,91156,54018,148367,93102,53331
,,,,3421,68442,28490,41099,53376,91156,54018,148367,93102,53331
,,,,3422,68442,28490,41099,53376,91156,54018,148367,93102,53331
,,,,3423,68442,28490,41099,53376,91156,54018,148367,93102,53331
,,,,3424,68442,28490,41099,53376,91156,54018,148367,93102,53331
,,,,3425,68442,28490,41099,53376,91156,54018,148367,93102,53331
,,,,3426,68442,28490,41099,53376,91156,54018,148367,93102,53331
,,,,3427,68442,28490,41099,53376,91156,54018,148367,93102,53331
,,,,3428,68442,28490,41099,53376,91156,54018,148367,93102,53331
,,,,3429,68442,28490,41099,53376,91156,54018,148367,93102,53331
,,,,3430,68442,28490,41099,53376,91156,54018,148367,93102,53331
,,,,3431,68442,28490,41099,53376,91156,54018,148367,93102,53331
,,,,3432,68442,28490,41099,53376,91156,54018,148367,93102,53331
,,,,3433,68442,28490,41099,53376,91156,54018,148367,93102,53331
,,,,3434,68442,28490,41099,53376,91156,54018,148367,93102,53331
,,,,3435,68442,28490,41099,53376,91156,54018,148367,93102,53331
,,,,3436,68442,28490,41099,53376,91156,54018,148367,93102,53331
,,,,3437,68442,28490,41099,53376,91156,54018,148367,93102,53331
,,,,3438,68442,28490,41099,53376,91156,54018,148367,93102,53331
,,,,3439,68442,28490,41099,53376,91156,54018,148367,93102,53331
,,,,3440,68442,28490,41099,53376,91156,54018,148367,93102,53331
,,,,3441,68442,28490,41099,53376,91156,54018,148367,93102,53331
,,,,3442,68442,28490,41099,53376,91156,54018,148367,93102,53331
,,,,3443,68442,28490,41099,53376,91156,54018,148367,93102,53331
,,,,3444,68442,28490,41099,53376,91156,54018,148367,93102,53331
,,,,3445,68442,28490,41099,53376,91156,54018,148367,93102,53331
,,,,3446,68442,28490,41099,53376,91156,54018,148367,93102,53331
,,,,3447,68442,28490,41099,53376,91156,54018,148367,93102,53331
,,,,3448,68442,28490,41099,53376,91156,54018,148367,93102,53331
,,,,3449,68442,28490,41099,53376,91156,54018,148367,93102,53331
,,,,3450,68442,28490,41099,53376,91156,54018,148367,93102,53331
,,,,3451,68442,28490,41099,53376,91156,54018,148367,93102,53331
,,,,3452,68442,28490,41099,53376,91156,54018,148367,93102,53331
,,,,3453,68442,28490,41099,53376,91156,54018,148367,93102,53331
,,,,3454,68442,28490,41099,53376,91156,54018,148367,93102,53331
,,,,3455,68442,28490,41099,53376,91156,54018,148367,93102,53331
,,,,3456,68442,28490,41099,53376,91156,54018,148367,93102,53331
,,,,3457,68442,28490,41099,53376,91156,54018,148367,93102,53331
,,,,3458,68442,28490,41099,53376,91156,54018,148367,93102,53331
,,,,3459,68442,28490,41099,53376,91156,54018,148367,93102,53331
,,,,3460,68442,28490,41099,53376,91156,54018,148367,93102,53331
,,,,3461,68442,28490,41099,53376,91156,54018,148367,93102,53331
,,,,3462,68442,28490,41099,53376,91156,54018,148367,93102,53331
,,,,3463,68442,28490,41099,53376,91156,54018,148367,93102,53331
,,,,3464,68442,28490,41099,53376,91156,54018,148367,93102,53331
,,,,3465,68442,28490,41099,53376,91156,54018,148367,93102,53331
,,,,3466,68442,28490,41099,53376,91156,54018,148367,93102,53331
,,,,3467,68442,28490,41099,53376,91156,54018,148367,93102,53331
,,,,3468,68442,28490,41099,53376,91156,54018,148367,93102,53331
,,,,3469,68442,28490,41099,53376,91156,54018,148367,93102,53331
,,,,3470,68442,28490,41099,53376,91156,54018,148367,93102,53331
,,,,3471,68442,28490,41099,53376,91156,54018,148367,93102,53331
,,,,3472,68442,28490,41099,53376,91156,54018,148367,93102,53331
,,,,3473,68442,28490,41099,53376,91156,54018,148367,93102,53331
,,,,3474,68442,28490,41099,53376,91156,54018,148367,93102,53331
,,,,3475,68442,28490,41099,53376,91156,54018,148367,93102,53331
,,,,3476,68442,28490,41099,53376,91156,54018,148367,93102,53331
,,,,3477,68442,28490,41099,53376,91156,54018,148367,93102,53331
,,,,3478,68442,28490,41099,53376,91156,54018,148367,93102,53331
,,,,3479,68442,28490,41099,53376,91156,54018,148367,93102,53331
,,,,3480,68442,28490,41099,53376,91156,54018,148367,93102,53331
,,,,3481,68442,28490,41099,53376,91156,54018,148367,93102,53331
,,,,3482,68442,28490,41099,53376,91156,54018,148367,93102,53331
,,,,3483,68442,28490,41099,53376,91156,54018,148367,93102,53331
,,,,3484,68442,28490,41099,53376,91156,54018,148367,93102,53331
,,,,3485,68442,28490,41099,53376,91156,54018,148367,93102,53331
,,,,3486,68442,28490,41099,53376,91156,54018,148367,93102,53331
,,,,3487,68442,28490,41099,53376,91156,54018,148367,93102,53331
,,,,3488,68442,28490,41099,53376,91156,54018,148367,93102,53331
,,,,3489,68442,28490,41099,53376,91156,54018,148367,93102,53331
,,,,3490,68442,28490,41099,53376,91156,54018,148367,93102,53331
,,,,3491,68442,28490,41099,53376,91156,54018,148367,93102,53331
,,,,3492,68442,28490,41099,53376,91156,54018,148367,93102,53331
,,,,3493,68442,28490,41099,53376,91156,54018,148367,93102,53331
,,,,3494,68442,28490,41099,53376,91156,54018,148367,93102,53331
,,,,3495,68442,28490,41099,53376,91156,54018,148367,93102,53331
,,,,3496,68442,28490,41099,53376,91156,54018,148367,93102,53331
,,,,3497,68442,28490,41099,53376,91156,54018,148367,93102,53331
,,,,3498,68442,28490,41099,53376,91156,54018,148367,93102,53331
,,,,3499,68442,28490,41099,53376,91156,54018,148367,93102,53331
,,,,3500,68442,28490,41099,53376,91156,54018,148367,93102,53331
,,,,3501,68442,28490,41099,53376,91156,54018,148367,93102,53331
,,,,3502,68442,28490,41099,53376,91156,54018,148367,93102,53331
,,,,3503,68442,28490,41099,53376,91156,54018,148367,93102,53331
,,,,3504,68442,28490,41099,53376,91156,54018,148367,93102,53331
,,,,3505,68442,28490,41099,53376,91156,54018,148367,93102,53331
,,,,3506,68442,28490,41099,53376,91156,54018,148367,93102,53331
,,,,3507,68442,28490,41099,53376,91156,54018,148367,93102,53331
,,,,3508,68442,28490,41099,53376,91156,54018,148367,93102,53331
,,,,3509,68442,28490,41099,53376,91156,54018,148367,93102,53331
,,,,3510,68442,28490,41099,53376,91156,54018,148367,93102,53331
,,,,3511,68442,28490,41099,53376,91156,54018,148367,93102,53331
,,,,3512,68442,28490,41099,53376,91156,54018,148367,93102,53331
,,,,3513,68442,28490,41099,53376,91156,54018,148367,93102,53331
,,,,3514,68442,28490,41099,53376,91156,54018,148367,93102,53331
,,,,3515,68442,28490,41099,53376,91156,54018,148367,93102,53331
,,,,3516,68442,28490,41099,53376,91156,54018,148367,93102,53331
,,,,3517,68442,28490,41099,53376,91156,54018,148367,93102,53331
,,,,3518,68442,28490,41099,53376,91156,54018,148367,93102,53331
,,,,3519,68442,28490,41099,53376,91156,54018,148367,93102,53331
,,,,3520,68442,28490,41099,53376,91156,54018,148367,93102,53331
,,,,3521,68442,28490,41099,53376,91156,54018,148367,93102,53331
,,,,3522,68442,28490,41099,53376,91156,54018,148367,93102,53331
,,,,3523,68442,28490,41099,53376,91156,54018,148367,93102,53331
,,,,3524,68442,28490,41099,53376,91156,54018,148367,93102,53331
,,,,3525,68442,28490,41099,53376,91156,54018,148367,93102,53331
,,,,3526,68442,28490,41099,53376,91156,54018,148367,93102,53331
,,,,3527,68442,28490,41099,53376,91156,54018,148367,93102,53331
,,,,3528,68442,28490,41099,53376,91156,54018,148367,93102,53331
,,,,3529,68442,28490,41099,53376,91156,54018,148367,93102,53331
,,,,3530,68442,28490,41099,53376,91156,54018,148367,93102,53331
,,,,3531,68442,28490,41099,53376,91156,54018,148367,93102,53331
,,,,3532,68442,28490,41099,53376,91156,54018,148367,93102,53331
,,,,3533,68442,28490,41099,53376,91156,54018,148367,93102,53331
,,,,3534,68442,28490,41099,53376,91156,54018,148367,93102,53331
,,,,3535,68442,28490,41099,53376,91156,54018,148367,93102,53331
,,,,3536,68442,28490,41099,53376,91156,54018,148367,93102,53331
,,,,3537,68442,28490,41099,53376,91156,54018,148367,93102,53331
,,,,3538,68442,28490,41099,53376,91156,54018,148367,93102,53331
,,,,3539,68442,28490,41099,53376,91156,54018,148367,93102,53331
,,,,3540,68442,28490,41099,53376,91156,54018,148367,93102,53331
,,,,3541,68442,28490,41099,53376,91156,54018,148367,93102,53331
,,,,3542,68442,28490,41099,53376,91156,54018,148367,93102,53331
,,,,3543,68442,28490,41099,53376,91156,54018,148367,93102,53331
,,,,3544,68442,28490,41099,53376,91156,54018,148367,93102,53331
,,,,3545,68442,28490,41099,53376,91156,54018,148367,93102,53331
,,,,3546,68442,28490,41099,53376,91156,54018,148367,93102,53331
,,,,3547,68442,28490,41099,53376,91156,54018,148367,93102,53331
,,,,3548,68442,28490,41099,53376,91156,54018,148367,93102,53331
,,,,3549,68442,28490,41099,53376,91156,54018,148367,93102,53331
,,,,3550,68442,28490,41099,53376,91156,54018,148367,93102,53331
,,,,3551,68442,28490,41099,53376,91156,54018,148367,93102,53331
,,,,3552,68442,28490,41099,53376,91156,54018,148367,93102,53331
,,,,3553,68442,28490,41099,53376,91156,54018,148367,93102,53331
,,,,3554,68442,28490,41099,53376,91156,54018,148367,93102,53331
,,,,3555,68442,28490,41099,53376,91156,54018,148367,93102,53331
,,,,3556,68442,28490,41099,53376,91156,54018,148367,93102,53331
,,,,3557,68442,28490,41099,53376,91156,54018,148367,93102,53331
,,,,3558,68442,28490,41099,53376,91156,54018,148367,93102,53331
,,,,3559,68442,28490,41099,53376,91156,54018,148367,93102,53331
,,,,3560,68442,28490,41099,53376,91156,54018,148367,93102,53331
,,,,3561,68442,28490,41099,53376,91156,54018,148367,93102,53331
,,,,3562,68442,28490,41099,53376,91156,54018,148367,93102,53331
,,,,3563,68442,28490,41099,53376,91156,54018,148367,93102,53331
,,,,3564,68442,28490,41099,53376,91156,54018,148367,93102,53331
,,,,3565,68442,28490,41099,53376,91156,54018,148367,93102,53331
,,,,3566,68442,28490,41099,53376,91156,54018,148367,93102,53331
,,,,3567,68442,28490,41099,53376,91156,54018,148367,93102,53331
,,,,3568,68442,28490,41099,53376,91156,54018,148367,93102,53331
,,,,3569,68442,28490,41099,53376,91156,54018,148367,93102,53331
,,,,3570,68442,28490,41099,53376,91156,54018,148367,93102,53331
,,,,3571,68442,28490,41099,53376,91156,54018,148367,93102,53331
,,,,3572,68442,28490,41099,53376,91156,54018,148367,93102,53331
,,,,3573,68442,28490,41099,53376,91156,54018,148367,93102,53331
,,,,3574,68442,28490,41099,53376,91156,54018,148367,93102,53331
,,,,3575,68442,28490,41099,53376,91156,54018,148367,93102,53331
,,,,3576,68442,28490,41099,53376,91156,54018,148367,93102,53331
,,,,3577,68442,28490,41099,53376,91156,54018,148367,93102,53331
,,,,3578,68442,28490,41099,53376,91156,54018,148367,93102,53331
,,,,3579,68442,28490,41099,53376,91156,54018,148367,93102,53331
,,,,3580,68442,28490,41099,53376,91156,54018,148367,93102,53331
,,,,3581,68442,28490,41099,53376,91156,54018,148367,93102,53331
,,,,3582,68442,28490,41099,53376,91156,54018,148367,93102,53331
,,,,3583,68442,28490,41099,53376,91156,54018,148367,93102,53331
,,,,3584,68442,28490,41099,53376,91156,54018,148367,93102,53331
,,,,3585,68442,28490,41099,53376,91156,54018,148367,93102,53331
,,,,3586,68442,28490,41099,53376,91156,54018,148367,93102,53331
,,,,3587,68442,28490,41099,53376,91156,54018,148367,93102,53331
,,,,3588,68442,28490,41099,53376,91156,54018,148367,93102,53331
,,,,3589,68442,28490,41099,53376,91156,54018,148367,93102,53331
,,,,3590,68442,28490,41099,53376,91156,54018,148367,93102,53331
,,,,3591,68442,28490,41099,53376,91156,54018,148367,93102,53331
,,,,3592,68442,28490,41099,53376,91156,54018,148367,93102,53331
,,,,3593,68442,28490,41099,53376,91156,54018,148367,93102,53331
,,,,3594,68442,28490,41099,53376,91156,54018,148367,93102,53331
,,,,3595,68442,28490,41099,53376,91156,54018,148367,93102,53331
,,,,3596,68442,28490,41099,53376,91156,54018,148367,93102,53331
,,,,3597,68442,28490,41099,53376,91156,54018,148367,93102,53331
,,,,3598,68442,28490,41099,53376,91156,54018,148367,93102,53331
,,,,3599,68442,28490,41099,53376,91156,54018,148367,93102,53331
,,,,3600,68442,28490,41099,53376,91156,54018,148367,93102,53331
,,,,3601,68442,28490,41099,53376,91156,54018,148367,93102,53331
,,,,3602,68442,28490,41099,53376,91156,54018,148367,93102,53331
,,,,3603,68442,28490,41099,53376,91156,54018,148367,93102,53331
,,,,3604,68442,28490,41099,53376,91156,54018,148367,93102,53331
,,,,3605,68442,28490,41099,53376,91156,54018,148367,93102,53331
,,,,3606,68442,28490,41099,53376,91156,54018,148367,93102,53331
,,,,3607,68442,28490,41099,53376,91156,54018,148367,93102,53331
,,,,3608,68442,28490,41099,53376,91156,54018,148367,93102,53331
,,,,3609,68442,28490,41099,53376,91156,54018,148367,93102,53331
,,,,3610,68442,28490,41099,53376,91156,54018,148367,93102,53331
,,,,3611,68442,28490,41099,53376,91156,54018,148367,93102,53331
,,,,3612,68442,28490,41099,53376,91156,54018,148367,93102,53331
,,,,3613,68442,28490,41099,53376,91156,54018,148367,93102,53331
,,,,3614,68442,28490,41099,53376,91156,54018,148367,93102,53331
,,,,3615,68442,28490,41099,53376,91156,54018,148367,93102,53331
,,,,3616,68442,28490,41099,53376,91156,54018,148367,93102,53331
,,,,3617,68442,28490,41099,53376,91156,54018,148367,93102,53331
,,,,3618,68442,28490,41099,53376,91156,54018,148367,93102,53331
,,,,3619,68442,28490,41099,53376,91156,54018,148367,93102,53331
,,,,3620,68442,28490,41099,53376,91156,54018,148367,93102,53331
,,,,3621,68442,28490,41099,53376,91156,54018,148367,93102,53331
,,,,3622,68442,28490,41099,53376,91156,54018,148367,93102,53331
,,,,3623,68442,28490,41099,53376,91156,54018,148367,93102,53331
,,,,3624,68442,28490,41099,53376,91156,54018,148367,93102,53331
,,,,3625,68442,28490,41099,53376,91156,54018,148367,93102,53331
,,,,3626,68442,28490,41099,53376,91156,54018,148367,93102,53331
,,,,3627,68442,28490,41099,53376,91156,54018,148367,93102,53331
,,,,3628,68442,28490,41099,53376,91156,54018,148367,93102,53331
,,,,3629,68442,28490,41099,53376,91156,54018,148367,93102,53331
,,,,3630,68442,28490,41099,53376,91156,54018,148367,93102,53331
,,,,3631,68442,28490,41099,53376,91156,54018,148367,93102,53331
,,,,3632,68442,28490,41099,53376,91156,54018,148367,93102,53331
,,,,3633,68442,28490,41099,53376,91156,54018,148367,93102,53331
,,,,3634,68442,28490,41099,53376,91156,54018,148367,93102,53331
,,,,3635,68442,28490,41099,53376,91156,54018,148367,93102,53331
,,,,3636,68442,28490,41099,53376,91156,54018,148367,93102,53331
,,,,3637,68442,28490,41099,53376,91156,54018,148367,93102,53331
,,,,3638,68442,28490,41099,53376,91156,54018,148367,93102,53331
,,,,3639,68442,28490,41099,53376,91156,54018,148367,93102,53331
,,,,3640,68442,28490,41099,53376,91156,54018,148367,93102,53331
,,,,3641,68442,28490,41099,53376,91156,54018,148367,93102,53331
,,,,3642,68442,28490,41099,53376,91156,54018,148367,93102,53331
,,,,3643,68442,28490,41099,53376,91156,54018,148367,93102,53331
,,,,3644,68442,28490,41099,53376,91156,54018,148367,93102,53331
,,,,3645,68442,28490,41099,53376,91156,54018,148367,93102,53331
,,,,3646,68442,28490,41099,53376,91156,54018,148367,93102,53331
,,,,3647,68442,28490,41099,53376,91156,54018,148367,93102,53331
,,,,3648,68442,28490,41099,53376,91156,54018,148367,93102,53331
,,,,3649,68442,28490,41099,53376,91156,54018,148367,93102,53331
,,,,3650,68442,28490,41099,53376,91156,54018,148367,93102,53331
,,,,3651,68442,28490,41099,53376,91156,54018,148367,93102,53331
,,,,3652,68442,28490,41099,53376,91156,54018,148367,93102,53331
,,,,3653,68442,28490,41099,53376,91156,54018,148367,93102,53331
,,,,3654,68442,28490,41099,53376,91156,54018,148367,93102,53331
,,,,3655,68442,28490,41099,53376,91156,54018,148367,93102,53331
,,,,3656,68442,28490,41099,53376,91156,54018,148367,93102,53331
,,,,3657,68442,28490,41099,53376,91156,54018,148367,93102,53331
,,,,3658,68442,28490,41099,53376,91156,54018,148367,93102,53331
,,,,3659,68442,28490,41099,53376,91156,54018,148367,93102,53331
,,,,3660,68442,28490,41099,53376,91156,54018,148367,93102,53331
,,,,3661,68442,28490,41099,53376,91156,54018,148367,93102,53331
,,,,3662,68442,28490,41099,53376,91156,54018,148367,93102,53331
,,,,3663,68442,28490,41099,53376,91156,54018,148367,93102,53331
,,,,3664,68442,28490,41099,53376,91156,54018,148367,93102,53331
,,,,3665,68442,28490,41099,53376,91156,54018,148367,93102,53331
,,,,3666,68442,28490,41099,53376,91156,54018,148367,93102,53331
,,,,3667,68442,28490,41099,53376,91156,54018,148367,93102,53331
,,,,3668,68442,28490,41099,53376,91156,54018,148367,93102,53331
,,,,3669,68442,28490,41099,53376,91156,54018,148367,93102,53331
,,,,3670,68442,28490,41099,53376,91156,54018,148367,93102,53331
,,,,3671,68442,28490,41099,53376,91156,54018,148367,93102,53331
,,,,3672,68442,28490,41099,53376,91156,54018,148367,93102,53331
,,,,3673,68442,28490,41099,53376,91156,54018,148367,93102,53331
,,,,3674,68442,28490,41099,53376,91156,54018,148367,93102,53331
,,,,3675,68442,28490,41099,53376,91156,54018,148367,93102,53331
,,,,3676,68442,28490,41099,53376,91156,54018,148367,93102,53331
,,,,3677,68442,28490,41099,53376,91156,54018,148367,93102,53331
,,,,3678,68442,28490,41099,53376,91156,54018,148367,93102,53331
,,,,3679,68442,28490,41099,53376,91156,54018,148367,93102,53331
,,,,3680,68442,28490,41099,53376,91156,54018,148367,93102,53331
,,,,3681,68442,28490,41099,53376,91156,54018,148367,93102,53331
,,,,3682,68442,28490,41099,53376,91156,54018,148367,93102,53331
,,,,3683,68442,28490,41099,53376,91156,54018,148367,93102,53331
,,,,3684,68442,28490,41099,53376,91156,54018,148367,93102,53331
,,,,3685,68442,28490,41099,53376,91156,54018,148367,93102,53331
,,,,3686,68442,28490,41099,53376,91156,54018,148367,93102,53331
,,,,3687,68442,28490,41099,53376,91156,54018,148367,93102,53331
,,,,3688,68442,28490,41099,53376,91156,54018,148367,93102,53331
,,,,3689,68442,28490,41099,53376,91156,54018,148367,93102,53331
,,,,3690,68442,28490,41099,53376,91156,54018,148367,93102,53331
,,,,3691,68442,28490,41099,53376,91156,54018,148367,93102,53331
,,,,3692,68442,28490,41099,53376,91156,54018,148367,93102,53331
,,,,3693,68442,28490,41099,53376,91156,54018,148367,93102,53331
,,,,3694,68442,28490,41099,53376,91156,54018,148367,93102,53331
,,,,3695,68442,28490,41099,53376,91156,54018,148367,93102,53331
,,,,3696,68442,28490,41099,53376,91156,54018,148367,93102,53331
,,,,3697,68442,28490,41099,53376,91156,54018,148367,93102,53331
,,,,3698,68442,28490,41099,53376,91156,54018,148367,93102,53331
,,,,3699,68442,28490,41099,53376,91156,54018,148367,93102,53331
,,,,3700,68442,28490,41099,53376,91156,54018,148367,93102,53331
,,,,3701,68442,28490,41099,53376,91156,54018,148367,93102,53331
,,,,3702,68442,28490,41099,53376,91156,54018,148367,93102,53331
,,,,3703,68442,28490,41099,53376,91156,54018,148367,93102,53331
,,,,3704,68442,28490,41099,53376,91156,54018,148367,93102,53331
,,,,3705,68442,28490,41099,53376,91156,54018,148367,93102,53331
,,,,3706,68442,28490,41099,53376,91156,54018,148367,93102,53331
,,,,3707,68442,28490,41099,53376,91156,54018,148367,93102,53331
,,,,3708,68442,28490,41099,53376,91156,54018,148367,93102,53331
,,,,3709,68442,28490,41099,53376,91156,54018,148367,93102,53331
,,,,3710,68442,28490,41099,53376,91156,54018,148367,93102,53331
,,,,3711,68442,28490,41099,53376,91156,54018,148367,93102,53331
,,,,3712,68442,28490,41099,53376,91156,54018,148367,93102,53331
,,,,3713,68442,28490,41099,53376,91156,54018,148367,93102,53331
,,,,3714,68442,28490,41099,53376,91156,54018,148367,93102,53331
,,,,3715,68442,28490,41099,53376,91156,54018,148367,93102,53331
,,,,3716,68442,28490,41099,53376,91156,54018,148367,93102,53331
,,,,3717,68442,28490,41099,53376,91156,54018,148367,93102,53331
,,,,3718,68442,28490,41099,53376,91156,54018,148367,93102,53331
,,,,3719,68442,28490,41099,53376,91156,54018,148367,93102,53331
,,,,3720,68442,28490,41099,53376,91156,54018,148367,93102,53331
,,,,3721,68442,28490,41099,53376,91156,54018,148367,93102,53331
,,,,3722,68442,28490,41099,53376,91156,54018,148367,93102,53331
,,,,3723,68442,28490,41099,53376,91156,54018,148367,93102,53331
,,,,3724,68442,28490,41099,53376,91156,54018,148367,93102,53331
,,,,3725,68442,28490,41099,53376,91156,54018,148367,93102,53331
,,,,3726,68442,28490,41099,53376,91156,54018,148367,93102,53331
,,,,3727,68442,28490,41099,53376,91156,54018,148367,93102,53331
,,,,3728,68442,28490,41099,53376,91156,54018,148367,93102,53331
,,,,3729,68442,28490,41099,53376,91156,54018,148367,93102,53331
,,,,3730,68442,28490,41099,53376,91156,54018,148367,93102,53331
,,,,3731,68442,28490,41099,53376,91156,54018,148367,93102,53331
,,,,3732,68442,28490,41099,53376,91156,54018,148367,93102,53331
,,,,3733,68442,28490,41099,53376,91156,54018,148367,93102,53331
,,,,3734,68442,28490,41099,53376,91156,54018,148367,93102,53331
,,,,3735,68442,28490,41099,53376,91156,54018,148367,93102,53331
,,,,3736,68442,28490,41099,53376,91156,54018,148367,93102,53331
,,,,3737,68442,28490,41099,53376,91156,54018,148367,93102,53331
,,,,3738,68442,28490,41099,53376,91156,54018,148367,93102,53331
,,,,3739,68442,28490,41099,53376,91156,54018,148367,93102,53331
,,,,3740,68442,28490,41099,53376,91156,54018,148367,93102,53331
,,,,3741,68442,28490,41099,53376,91156,54018,148367,93102,53331
,,,,3742,68442,28490,41099,53376,91156,54018,148367,93102,53331
,,,,3743,68442,28490,41099,53376,91156,54018,148367,93102,53331
,,,,3744,68442,28490,41099,53376,91156,54018,148367,93102,53331
,,,,3745,68442,28490,41099,53376,91156,54018,148367,93102,53331
,,,,3746,68442,28490,41099,53376,91156,54018,148367,93102,53331
,,,,3747,68442,28490,41099,53376,91156,54018,148367,93102,53331
,,,,3748,68442,28490,41099,53376,91156,54018,148367,93102,53331
,,,,3749,68442,28490,41099,53376,91156,54018,148367,93102,53331
,,,,3750,68442,28490,41099,53376,91156,54018,148367,93102,53331
,,,,3751,68442,28490,41099,53376,91156,54018,148367,93102,53331
,,,,3752,68442,28490,41099,53376,91156,54018,148367,93102,53331
,,,,3753,68442,28490,41099,53376,91156,54018,148367,93102,53331
,,,,3754,68442,28490,41099,53376,91156,54018,148367,93102,53331
,,,,3755,68442,28490,41099,53376,91156,54018,148367,93102,53331
,,,,3756,68442,28490,41099,53376,91156,54018,148367,93102,53331
,,,,3757,68442,28490,41099,53376,91156,54018,148367,93102,53331
,,,,3758,68442,28490,41099,53376,91156,54018,148367,93102,53331
,,,,3759,68442,28490,41099,53376,91156,54018,148367,93102,53331
,,,,3760,68442,28490,41099,53376,91156,54018,148367,93102,53331
,,,,3761,68442,28490,41099,53376,91156,54018,148367,93102,53331
,,,,3762,68442,28490,41099,53376,91156,54018,148367,93102,53331
,,,,3763,68442,28490,41099,53376,91156,54018,148367,93102,53331
,,,,3764,68442,28490,41099,53376,91156,54018,148367,93102,53331
,,,,3765,68442,28490,41099,53376,91156,54018,148367,93102,53331
,,,,3766,68442,28490,41099,53376,91156,54018,148367,93102,53331
,,,,3767,68442,28490,41099,53376,91156,54018,148367,93102,53331
,,,,3768,68442,28490,41099,53376,91156,54018,148367,93102,53331
,,,,3769,68442,28490,41099,53376,91156,54018,148367,93102,53331
,,,,3770,68442,28490,41099,53376,91156,54018,148367,93102,53331
,,,,3771,68442,28490,41099,53376,91156,54018,148367,93102,53331
,,,,3772,68442,28490,41099,53376,91156,54018,148367,93102,53331
,,,,3773,68442,28490,41099,53376,91156,54018,148367,93102,53331
,,,,3774,68442,28490,41099,53376,91156,54018,148367,93102,53331
,,,,3775,68442,28490,41099,53376,91156,54018,148367,93102,53331
,,,,3776,68442,28490,41099,53376,91156,54018,148367,93102,53331
,,,,3777,68442,28490,41099,53376,91156,54018,148367,93102,53331
,,,,3778,68442,28490,41099,53376,91156,54018,148367,93102,53331
,,,,3779,68442,28490,41099,53376,91156,54018,148367,93102,53331
,,,,3780,68442,28490,41099,53376,91156,54018,148367,93102,53331
,,,,3781,68442,28490,41099,53376,91156,54018,148367,93102,53331
,,,,3782,68442,28490,41099,53376,91156,54018,148367,93102,53331
,,,,3783,68442,28490,41099,53376,91156,54018,148367,93102,53331
,,,,3784,68442,28490,41099,53376,91156,54018,148367,93102,53331
,,,,3785,68442,28490,41099,53376,91156,54018,148367,93102,53331
,,,,3786,68442,28490,41099,53376,91156,54018,148367,93102,53331
,,,,3787,68442,28490,41099,53376,91156,54018,148367,93102,53331
,,,,3788,68442,28490,41099,53376,91156,54018,148367,93102,53331
,,,,3789,68442,28490,41099,53376,91156,54018,148367,93102,53331
,,,,3790,68442,28490,41099,53376,91156,54018,148367,93102,53331
,,,,3791,68442,28490,41099,53376,91156,54018,148367,93102,53331
,,,,3792,68442,28490,41099,53376,91156,54018,148367,93102,53331
,,,,3793,68442,28490,41099,53376,91156,54018,148367,93102,53331
,,,,3794,68442,28490,41099,53376,91156,54018,148367,93102,53331
,,,,3795,68442,28490,41099,53376,91156,54018,148367,93102,53331
,,,,3796,68442,28490,41099,53376,91156,54018,148367,93102,53331
,,,,3797,68442,28490,41099,53376,91156,54018,148367,93102,53331
,,,,3798,68442,28490,41099,53376,91156,54018,148367,93102,53331
,,,,3799,68442,28490,41099,53376,91156,54018,148367,93102,53331
,,,,3800,68442,28490,41099,53376,91156,54018,148367,93102,53331
,,,,3801,68442,28490,41099,53376,91156,54018,148367,93102,53331
,,,,3802,68442,28490,41099,53376,91156,54018,148367,93102,53331
,,,,3803,68442,28490,41099,53376,91156,54018,148367,93102,53331
,,,,3804,68442,28490,41099,53376,91156,54018,148367,93102,53331
,,,,3805,68442,28490,41099,53376,91156,54018,148367,93102,53331
,,,,3806,68442,28490,41099,53376,91156,54018,148367,93102,53331
,,,,3807,68442,28490,41099,53376,91156,54018,148367,93102,53331
,,,,3808,68442,28490,41099,53376,91156,54018,148367,93102,53331
,,,,3809,68442,28490,41099,53376,91156,54018,148367,93102,53331
,,,,3810,68442,28490,41099,53376,91156,54018,148367,93102,53331
,,,,3811,68442,28490,41099,53376,91156,54018,148367,93102,53331
,,,,3812,68442,28490,41099,53376,91156,54018,148367,93102,53331
,,,,3813,68442,28490,41099,53376,91156,54018,148367,93102,53331
,,,,3814,68442,28490,41099,53376,91156,54018,148367,93102,53331
,,,,3815,68442,28490,41099,53376,91156,54018,148367,93102,53331
,,,,3816,68442,28490,41099,53376,91156,54018,148367,93102,53331
,,,,3817,68442,28490,41099,53376,91156,54018,148367,93102,53331
,,,,3818,68442,28490,41099,53376,91156,54018,148367,93102,53331
,,,,3819,68442,28490,41099,53376,91156,54018,148367,93102,53331
,,,,3820,68442,28490,41099,53376,91156,54018,148367,93102,53331
,,,,3821,68442,28490,41099,53376,91156,54018,148367,93102,53331
,,,,3822,68442,28490,41099,53376,91156,54018,148367,93102,53331
,,,,3823,68442,28490,41099,53376,91156,54018,148367,93102,53331
,,,,3824,68442,28490,41099,53376,91156,54018,148367,93102,53331
,,,,3825,68442,28490,41099,53376,91156,54018,148367,93102,53331
,,,,3826,68442,28490,41099,53376,91156,54018,148367,93102,53331
,,,,3827,68442,28490,41099,53376,91156,54018,148367,93102,53331
,,,,3828,68442,28490,41099,53376,91156,54018,148367,93102,53331
,,,,3829,68442,28490,41099,53376,91156,54018,148367,93102,53331
,,,,3830,68442,28490,41099,53376,91156,54018,148367,93102,53331
,,,,3831,68442,28490,41099,53376,91156,54018,148367,93102,53331
,,,,3832,68442,28490,41099,53376,91156,54018,148367,93102,53331
,,,,3833,68442,28490,41099,53376,91156,54018,148367,93102,53331
,,,,3834,68442,28490,41099,53376,91156,54018,148367,93102,53331
,,,,3835,68442,28490,41099,53376,91156,54018,148367,93102,53331
,,,,3836,68442,28490,41099,53376,91156,54018,148367,93102,53331
,,,,3837,68442,28490,41099,53376,91156,54018,148367,93102,53331
,,,,3838,68442,28490,41099,53376,91156,54018,148367,93102,53331
,,,,3839,68442,28490,41099,53376,91156,54018,148367,93102,53331
,,,,3840,68442,28490,41099,53376,91156,54018,148367,93102,53331
,,,,3841,68442,28490,41099,53376,91156,54018,148367,93102,53331
,,,,3842,68442,28490,41099,53376,91156,54018,148367,93102,53331
,,,,3843,68442,28490,41099,53376,91156,54018,148367,93102,53331
,,,,3844,68442,28490,41099,53376,91156,54018,148367,93102,53331
,,,,3845,68442,28490,41099,53376,91156,54018,148367,93102,53331
,,,,3846,68442,28490,41099,53376,91156,54018,148367,93102,53331
,,,,3847,68442,28490,41099,53376,91156,54018,148367,93102,53331
,,,,3848,68442,28490,41099,53376,91156,54018,148367,93102,53331
,,,,3849,68442,28490,41099,53376,91156,54018,148367,93102,53331
,,,,3850,68442,28490,41099,53376,91156,54018,148367,93102,53331
,,,,3851,68442,28490,41099,53376,91156,54018,148367,93102,53331
,,,,3852,68442,28490,41099,53376,91156,54018,148367,93102,53331
,,,,3853,68442,28490,41099,53376,91156,54018,148367,93102,53331
,,,,3854,68442,28490,41099,53376,91156,54018,148367,93102,53331
,,,,3855,68442,28490,41099,53376,91156,54018,148367,93102,53331
,,,,3856,68442,28490,41099,53376,91156,54018,148367,93102,53331
,,,,3857,68442,28490,41099,53376,91156,54018,148367,93102,53331
,,,,3858,68442,28490,41099,53376,91156,54018,148367,93102,53331
,,,,3859,68442,28490,41099,53376,91156,54018,148367,93102,53331
,,,,3860,68442,28490,41099,53376,91156,54018,148367,93102,53331
,,,,3861,68442,28490,41099,53376,91156,54018,148367,93102,53331
,,,,3862,68442,28490,41099,53376,91156,54018,148367,93102,53331
,,,,3863,68442,28490,41099,53376,91156,54018,148367,93102,53331
,,,,3864,68442,28490,41099,53376,91156,54018,148367,93102,53331
,,,,3865,68442,28490,41099,53376,91156,54018,148367,93102,53331
,,,,3866,68442,28490,41099,53376,91156,54018,148367,93102,53331
,,,,3867,68442,28490,41099,53376,91156,54018,148367,93102,53331
,,,,3868,68442,28490,41099,53376,91156,54018,148367,93102,53331
,,,,3869,68442,28490,41099,53376,91156,54018,148367,93102,53331
,,,,3870,68442,28490,41099,53376,91156,54018,148367,93102,53331
,,,,3871,68442,28490,41099,53376,91156,54018,148367,93102,53331
,,,,3872,68442,28490,41099,53376,91156,54018,148367,93102,53331
,,,,3873,68442,28490,41099,53376,91156,54018,148367,93102,53331
,,,,3874,68442,28490,41099,53376,91156,54018,148367,93102,53331
,,,,3875,68442,28490,41099,53376,91156,54018,148367,93102,53331
,,,,3876,68442,28490,41099,53376,91156,54018,148367,93102,53331
,,,,3877,68442,28490,41099,53376,91156,54018,148367,93102,53331
,,,,3878,68442,28490,41099,53376,91156,54018,148367,93102,53331
,,,,3879,68442,28490,41099,53376,91156,54018,148367,93102,53331
,,,,3880,68442,28490,41099,53376,91156,54018,148367,93102,53331
,,,,3881,68442,28490,41099,53376,91156,54018,148367,93102,53331
,,,,3882,68442,28490,41099,53376,91156,54018,148367,93102,53331
,,,,3883,68442,28490,41099,53376,91156,54018,148367,93102,53331
,,,,3884,68442,28490,41099,53376,91156,54018,148367,93102,53331
,,,,3885,68442,28490,41099,53376,91156,54018,148367,93102,53331
,,,,3886,68442,28490,41099,53376,91156,54018,148367,93102,53331
,,,,3887,68442,28490,41099,53376,91156,54018,148367,93102,53331
,,,,3888,68442,28490,41099,53376,91156,54018,148367,93102,53331
,,,,3889,68442,28490,41099,53376,91156,54018,148367,93102,53331
,,,,3890,68442,28490,41099,53376,91156,54018,148367,93102,53331
,,,,3891,68442,28490,41099,53376,91156,54018,148367,93102,53331
,,,,3892,68442,28490,41099,53376,91156,54018,148367,93102,53331
,,,,3893,68442,28490,41099,53376,91156,54018,148367,93102,53331
,,,,3894,68442,28490,41099,53376,91156,54018,148367,93102,53331
,,,,3895,68442,28490,41099,53376,91156,54018,148367,93102,53331
,,,,3896,68442,28490,41099,53376,91156,54018,148367,93102,53331
,,,,3897,68442,28490,41099,53376,91156,54018,148367,93102,53331
,,,,3898,68442,28490,41099,53376,91156,54018,148367,93102,53331
,,,,3899,68442,28490,41099,53376,91156,54018,148367,93102,53331
,,,,3900,68442,28490,41099,53376,91156,54018,148367,93102,53331
,,,,3901,68442,28490,41099,53376,91156,54018,148367,93102,53331
,,,,3902,68442,28490,41099,53376,91156,54018,148367,93102,53331
,,,,3903,68442,28490,41099,53376,91156,54018,148367,93102,53331
,,,,3904,68442,28490,41099,53376,91156,54018,148367,93102,53331
,,,,3905,68442,28490,41099,53376,91156,54018,148367,93102,53331
,,,,3906,68442,28490,41099,53376,91156,54018,148367,93102,53331
,,,,3907,68442,28490,41099,53376,91156,54018,148367,93102,53331
,,,,3908,68442,28490,41099,53376,91156,54018,148367,93102,53331
,,,,3909,68442,28490,41099,53376,91156,54018,148367,93102,53331
,,,,3910,68442,28490,41099,53376,91156,54018,148367,93102,53331
,,,,3911,68442,28490,41099,53376,91156,54018,148367,93102,53331
,,,,3912,68442,28490,41099,53376,91156,54018,148367,93102,53331
,,,,3913,68442,28490,41099,53376,91156,54018,148367,93102,53331
,,,,3914,68442,28490,41099,53376,91156,54018,148367,93102,53331
,,,,3915,68442,28490,41099,53376,91156,54018,148367,93102,53331
,,,,3916,68442,28490,41099,53376,91156,54018,148367,93102,53331
,,,,3917,68442,28490,41099,53376,91156,54018,148367,93102,53331
,,,,3918,68442,28490,41099,53376,91156,54018,148367,93102,53331
,,,,3919,68442,28490,41099,53376,91156,54018,148367,93102,53331
,,,,3920,68442,28490,41099,53376,91156,54018,148367,93102,53331
,,,,3921,68442,28490,41099,53376,91156,54018,148367,93102,53331
,,,,3922,68442,28490,41099,53376,91156,54018,148367,93102,53331
,,,,3923,68442,28490,41099,53376,91156,54018,148367,93102,53331
,,,,3924,68442,28490,41099,53376,91156,54018,148367,93102,53331
,,,,3925,68442,28490,41099,53376,91156,54018,148367,93102,53331
,,,,3926,68442,28490,41099,53376,91156,54018,148367,93102,53331
,,,,3927,68442,28490,41099,53376,91156,54018,148367,93102,53331
,,,,3928,68442,28490,41099,53376,91156,54018,148367,93102,53331
,,,,3929,68442,28490,41099,53376,91156,54018,148367,93102,53331
,,,,3930,68442,28490,41099,53376,91156,54018,148367,93102,53331
,,,,3931,68442,28490,41099,53376,91156,54018,148367,93102,53331
,,,,3932,68442,28490,41099,53376,91156,54018,148367,93102,53331
,,,,3933,68442,28490,41099,53376,91156,54018,148367,93102,53331
,,,,3934,68442,28490,41099,53376,91156,54018,148367,93102,53331
,,,,3935,68442,28490,41099,53376,91156,54018,148367,93102,53331
,,,,3936,68442,28490,41099,53376,91156,54018,148367,93102,53331
,,,,3937,68442,28490,41099,53376,91156,54018,148367,93102,53331
,,,,3938,68442,28490,41099,53376,91156,54018,148367,93102,53331
,,,,3939,68442,28490,41099,53376,91156,54018,148367,93102,53331
,,,,3940,68442,28490,41099,53376,91156,54018,148367,93102,53331
,,,,3941,68442,28490,41099,53376,91156,54018,148367,93102,53331
,,,,3942,68442,28490,41099,53376,91156,54018,148367,93102,53331
,,,,3943,68442,28490,41099,53376,91156,54018,148367,93102,53331
,,,,3944,68442,28490,41099,53376,91156,54018,148367,93102,53331
,,,,3945,68442,28490,41099,53376,91156,54018,148367,93102,53331
,,,,3946,68442,28490,41099,53376,91156,54018,148367,93102,53331
,,,,3947,68442,28490,41099,53376,91156,54018,148367,93102,53331
,,,,3948,68442,28490,41099,53376,91156,54018,148367,93102,53331
,,,,3949,68442,28490,41099,53376,91156,54018,148367,93102,53331
,,,,3950,68442,28490,41099,53376,91156,54018,148367,93102,53331
,,,,3951,68442,28490,41099,53376,91156,54018,148367,93102,53331
,,,,3952,68442,28490,41099,53376,91156,54018,148367,93102,53331
,,,,3953,68442,28490,41099,53376,91156,54018,148367,93102,53331
,,,,3954,68442,28490,41099,53376,91156,54018,148367,93102,53331
,,,,3955,68442,28490,41099,53376,91156,54018,148367,93102,53331
,,,,3956,68442,28490,41099,53376,91156,54018,148367,93102,53331
,,,,3957,68442,28490,41099,53376,91156,54018,148367,93102,53331
,,,,3958,68442,28490,41099,53376,91156,54018,148367,93102,53331
,,,,3959,68442,28490,41099,53376,91156,54018,148367,93102,53331
,,,,3960,68442,28490,41099,53376,91156,54018,148367,93102,53331
,,,,3961,68442,28490,41099,53376,91156,54018,148367,93102,53331
,,,,3962,68442,28490,41099,53376,91156,54018,148367,93102,53331
,,,,3963,68442,28490,41099,53376,91156,54018,148367,93102,53331
,,,,3964,68442,28490,41099,53376,91156,54018,148367,93102,53331
,,,,3965,68442,28490,41099,53376,91156,54018,148367,93102,53331
,,,,3966,68442,28490,41099,53376,91156,54018,148367,93102,53331
,,,,3967,68442,28490,41099,53376,91156,54018,148367,93102,53331
,,,,3968,68442,28490,41099,53376,91156,54018,148367,93102,53331
,,,,3969,68442,28490,41099,53376,91156,54018,148367,93102,53331
,,,,3970,68442,28490,41099,53376,91156,54018,148367,93102,53331
,,,,3971,68442,28490,41099,53376,91156,54018,148367,93102,53331
,,,,3972,68442,28490,41099,53376,91156,54018,148367,93102,53331
,,,,3973,68442,28490,41099,53376,91156,54018,148367,93102,53331
,,,,3974,68442,28490,41099,53376,91156,54018,148367,93102,53331
,,,,3975,68442,28490,41099,53376,91156,54018,148367,93102,53331
,,,,3976,68442,28490,41099,53376,91156,54018,148367,93102,53331
,,,,3977,68442,28490,41099,53376,91156,54018,148367,93102,53331
,,,,3978,68442,28490,41099,53376,91156,54018,148367,93102,53331
,,,,3979,68442,28490,41099,53376,91156,54018,148367,93102,53331
,,,,3980,68442,28490,41099,53376,91156,54018,148367,93102,53331
,,,,3981,68442,28490,41099,53376,91156,54018,148367,93102,53331
,,,,3982,68442,28490,41099,53376,91156,54018,148367,93102,53331
,,,,3983,68442,28490,41099,53376,91156,54018,148367,93102,53331
,,,,3984,68442,28490,41099,53376,91156,54018,148367,93102,53331
,,,,3985,68442,28490,41099,53376,91156,54018,148367,93102,53331
,,,,3986,68442,28490,41099,53376,91156,54018,148367,93102,53331
,,,,3987,68442,28490,41099,53376,91156,54018,148367,93102,53331
,,,,3988,68442,28490,41099,53376,91156,54018,148367,93102,53331
,,,,3989,68442,28490,41099,53376,91156,54018,148367,93102,53331
,,,,3990,68442,28490,41099,53376,91156,54018,148367,93102,53331
,,,,3991,68442,28490,41099,53376,91156,54018,148367,93102,53331
,,,,3992,68442,28490,41099,53376,91156,54018,148367,93102,53331
,,,,3993,68442,28490,41099,53376,91156,54018,148367,93102,53331
,,,,3994,68442,28490,41099,53376,91156,54018,148367,93102,53331
,,,,3995,68442,28490,41099,53376,91156,54018,148367,93102,53331
,,,,3996,68442,28490,41099,53376,91156,54018,148367,93102,53331
,,,,3997,68442,28490,41099,53376,91156,54018,148367,93102,53331
,,,,3998,68442,28490,41099,53376,91156,54018,148367,93102,53331
,,,,3999,68442,28490,41099,53376,91156,54018,148367,93102,53331
,,,,4000,68442,28490,41099,53376,91156,54018,148367,93102,53331
,,,,4001,68442,28490,41099,53376,91156,54018,148367,93102,53331
,,,,4002,68442,28490,41099,53376,91156,54018,148367,93102,53331
,,,,4003,68442,28490,41099,53376,91156,54018,148367,93102,53331
,,,,4004,68442,28490,41099,53376,91156,54018,148367,93102,53331
,,,,4005,68442,28490,41099,53376,91156,54018,148367,93102,53331
,,,,4006,68442,28490,41099,53376,91156,54018,148367,93102,53331
,,,,4007,68442,28490,41099,53376,91156,54018,148367,93102,53331
,,,,4008,68442,28490,41099,53376,91156,54018,148367,93102,53331
,,,,4009,68442,28490,41099,53376,91156,54018,148367,93102,53331
,,,,4010,68442,28490,41099,53376,91156,54018,148367,93102,53331
,,,,4011,68442,28490,41099,53376,91156,54018,148367,93102,53331
,,,,4012,68442,28490,41099,53376,91156,54018,148367,93102,53331
,,,,4013,68442,28490,41099,53376,91156,54018,148367,93102,53331
,,,,4014,68442,28490,41099,53376,91156,54018,148367,93102,53331
,,,,4015,68442,28490,41099,53376,91156,54018,148367,93102,53331
,,,,4016,68442,28490,41099,53376,91156,54018,148367,93102,53331
,,,,4017,68442,28490,41099,53376,91156,54018,148367,93102,53331
,,,,4018,68442,28490,41099,53376,91156,54018,148367,93102,53331
,,,,4019,68442,28490,41099,53376,91156,54018,148367,93102,53331
,,,,4020,68442,28490,41099,53376,91156,54018,148367,93102,53331
,,,,4021,68442,28490,41099,53376,91156,54018,148367,93102,53331
,,,,4022,68442,28490,41099,53376,91156,54018,148367,93102,53331
,,,,4023,68442,28490,41099,53376,91156,54018,148367,93102,53331
,,,,4024,68442,28490,41099,53376,91156,54018,148367,93102,53331
,,,,4025,68442,28490,41099,53376,91156,54018,148367,93102,53331
,,,,4026,68442,28490,41099,53376,91156,54018,148367,93102,53331
,,,,4027,68442,28490,41099,53376,91156,54018,148367,93102,53331
,,,,4028,68442,28490,41099,53376,91156,54018,148367,93102,53331
,,,,4029,68442,28490,41099,53376,91156,54018,148367,93102,53331
,,,,4030,68442,28490,41099,53376,91156,54018,148367,93102,53331
,,,,4031,68442,28490,41099,53376,91156,54018,148367,93102,53331
,,,,4032,68442,28490,41099,53376,91156,54018,148367,93102,53331
,,,,4033,68442,28490,41099,53376,91156,54018,148367,93102,53331
,,,,4034,68442,28490,41099,53376,91156,54018,148367,93102,53331
,,,,4035,68442,28490,41099,53376,91156,54018,148367,93102,53331
,,,,4036,68442,28490,41099,53376,91156,54018,148367,93102,53331
,,,,4037,68442,28490,41099,53376,91156,54018,148367,93102,53331
,,,,4038,68442,28490,41099,53376,91156,54018,148367,93102,53331
,,,,4039,68442,28490,41099,53376,91156,54018,148367,93102,53331
,,,,4040,68442,28490,41099,53376,91156,54018,148367,93102,53331
,,,,4041,68442,28490,41099,53376,91156,54018,148367,93102,53331
,,,,4042,68442,28490,41099,53376,91156,54018,148367,93102,53331
,,,,4043,68442,28490,41099,53376,91156,54018,148367,93102,53331
,,,,4044,68442,28490,41099,53376,91156,54018,148367,93102,53331
,,,,4045,68442,28490,41099,53376,91156,54018,148367,93102,53331
,,,,4046,68442,28490,41099,53376,91156,54018,148367,93102,53331
,,,,4047,68442,28490,41099,53376,91156,54018,148367,93102,53331
,,,,4048,68442,28490,41099,53376,91156,54018,148367,93102,53331
,,,,4049,68442,28490,41099,53376,91156,54018,148367,93102,53331
,,,,4050,68442,28490,41099,53376,91156,54018,148367,93102,53331
,,,,4051,68442,28490,41099,53376,91156,54018,148367,93102,53331
,,,,4052,68442,28490,41099,53376,91156,54018,148367,93102,53331
,,,,4053,68442,28490,41099,53376,91156,54018,148367,93102,53331
,,,,4054,68442,28490,41099,53376,91156,54018,148367,93102,53331
,,,,4055,68442,28490,41099,53376,91156,54018,148367,93102,53331
,,,,4056,68442,28490,41099,53376,91156,54018,148367,93102,53331
,,,,4057,68442,28490,41099,53376,91156,54018,148367,93102,53331
,,,,4058,68442,28490,41099,53376,91156,54018,148367,93102,53331
,,,,4059,68442,28490,41099,53376,91156,54018,148367,93102,53331
,,,,4060,68442,28490,41099,53376,91156,54018,148367,93102,53331
,,,,4061,68442,28490,41099,53376,91156,54018,148367,93102,53331
,,,,4062,68442,28490,41099,53376,91156,54018,148367,93102,53331
,,,,4063,68442,28490,41099,53376,91156,54018,148367,93102,53331
,,,,4064,68442,28490,41099,53376,91156,54018,148367,93102,53331
,,,,4065,68442,28490,41099,53376,91156,54018,148367,93102,53331
,,,,4066,68442,28490,41099,53376,91156,54018,148367,93102,53331
,,,,4067,68442,28490,41099,53376,91156,54018,148367,93102,53331
,,,,4068,68442,28490,41099,53376,91156,54018,148367,93102,53331
,,,,4069,68442,28490,41099,53376,91156,54018,148367,93102,53331
,,,,4070,68442,28490,41099,53376,91156,54018,148367,93102,53331
,,,,4071,68442,28490,41099,53376,91156,54018,148367,93102,53331
,,,,4072,68442,28490,41099,53376,91156,54018,148367,93102,53331
,,,,4073,68442,28490,41099,53376,91156,54018,148367,93102,53331
,,,,4074,68442,28490,41099,53376,91156,54018,148367,93102,53331
,,,,4075,68442,28490,41099,53376,91156,54018,148367,93102,53331
,,,,4076,68442,28490,41099,53376,91156,54018,148367,93102,53331
,,,,4077,68442,28490,41099,53376,91156,54018,148367,93102,53331
,,,,4078,68442,28490,41099,53376,91156,54018,148367,93102,53331
,,,,4079,68442,28490,41099,53376,91156,54018,148367,93102,53331
,,,,4080,68442,28490,41099,53376,91156,54018,148367,93102,53331
,,,,4081,68442,28490,41099,53376,91156,54018,148367,93102,53331
,,,,4082,68442,28490,41099,53376,91156,54018,148367,93102,53331
,,,,4083,68442,28490,41099,53376,91156,54018,148367,93102,53331
,,,,4084,68442,28490,41099,53376,91156,54018,148367,93102,53331
,,,,4085,68442,28490,41099,53376,91156,54018,148367,93102,53331
,,,,4086,68442,28490,41099,53376,91156,54018,148367,93102,53331
,,,,4087,68442,28490,41099,53376,91156,54018,148367,93102,53331
,,,,4088,68442,28490,41099,53376,91156,54018,148367,93102,53331
,,,,4089,68442,28490,41099,53376,91156,54018,148367,93102,53331
,,,,4090,68442,28490,41099,53376,91156,54018,148367,93102,53331
,,,,4091,68442,28490,41099,53376,91156,54018,148367,93102,53331
,,,,4092,68442,28490,41099,53376,91156,54018,148367,93102,53331
,,,,4093,68442,28490,41099,53376,91156,54018,148367,93102,53331
,,,,4094,68442,28490,41099,53376,91156,54018,148367,93102,53331
,,,,4095,68442,28490,41099,53376,91156,54018,148367,93102,53331
,,,,4096,68442,28490,41099,53376,91156,54018,148367,93102,53331
,,,,4097,68442,28490,41099,53376,91156,54018,148367,93102,53331
,,,,4098,68442,28490,41099,53376,91156,54018,148367,93102,53331
,,,,4099,68442,28490,41099,53376,91156,54018,148367,93102,53331
,,,,4100,68442,28490,41099,53376,91156,54018,148367,93102,53331
,,,,4101,68442,28490,41099,53376,91156,54018,148367,93102,53331
,,,,4102,68442,28490,41099,53376,91156,54018,148367,93102,53331
,,,,4103,68442,28490,41099,53376,91156,54018,148367,93102,53331
,,,,4104,68442,28490,41099,53376,91156,54018,148367,93102,53331
,,,,4105,68442,28490,41099,53376,91156,54018,148367,93102,53331
,,,,4106,68442,28490,41099,53376,91156,54018,148367,93102,53331
,,,,4107,68442,28490,41099,53376,91156,54018,148367,93102,53331
,,,,4108,68442,28490,41099,53376,91156,54018,148367,93102,53331
,,,,4109,68442,28490,41099,53376,91156,54018,148367,93102,53331
,,,,4110,68442,28490,41099,53376,91156,54018,148367,93102,53331
,,,,4111,68442,28490,41099,53376,91156,54018,148367,93102,53331
,,,,4112,68442,28490,41099,53376,91156,54018,148367,93102,53331
,,,,4113,68442,28490,41099,53376,91156,54018,148367,93102,53331
,,,,4114,68442,28490,41099,53376,91156,54018,148367,93102,53331
,,,,4115,68442,28490,41099,53376,91156,54018,148367,93102,53331
,,,,4116,68442,28490,41099,53376,91156,54018,148367,93102,53331
,,,,4117,68442,28490,41099,53376,91156,54018,148367,93102,53331
,,,,4118,68442,28490,41099,53376,91156,54018,148367,93102,53331
,,,,4119,68442,28490,41099,53376,91156,54018,148367,93102,53331
,,,,4120,68442,28490,41099,53376,91156,54018,148367,93102,53331
,,,,4121,68442,28490,41099,53376,91156,54018,148367,93102,53331
,,,,4122,68442,28490,41099,53376,91156,54018,148367,93102,53331
,,,,4123,68442,28490,41099,53376,91156,54018,148367,93102,53331
,,,,4124,68442,28490,41099,53376,91156,54018,148367,93102,53331
,,,,4125,68442,28490,41099,53376,91156,54018,148367,93102,53331
,,,,4126,68442,28490,41099,53376,91156,54018,148367,93102,53331
,,,,4127,68442,28490,41099,53376,91156,54018,148367,93102,53331
,,,,4128,68442,28490,41099,53376,91156,54018,148367,93102,53331
,,,,4129,68442,28490,41099,53376,91156,54018,148367,93102,53331
,,,,4130,68442,28490,41099,53376,91156,54018,148367,93102,53331
,,,,4131,68442,28490,41099,53376,91156,54018,148367,93102,53331
,,,,4132,68442,28490,41099,53376,91156,54018,148367,93102,53331
,,,,4133,68442,28490,41099,53376,91156,54018,148367,93102,53331
,,,,4134,68442,28490,41099,53376,91156,54018,148367,93102,53331
,,,,4135,68442,28490,41099,53376,91156,54018,148367,93102,53331
,,,,4136,68442,28490,41099,53376,91156,54018,148367,93102,53331
,,,,4137,68442,28490,41099,53376,91156,54018,148367,93102,53331
,,,,4138,68442,28490,41099,53376,91156,54018,148367,93102,53331
,,,,4139,68442,28490,41099,53376,91156,54018,148367,93102,53331
,,,,4140,68442,28490,41099,53376,91156,54018,148367,93102,53331
,,,,4141,68442,28490,41099,53376,91156,54018,148367,93102,53331
,,,,4142,68442,28490,41099,53376,91156,54018,148367,93102,53331
,,,,4143,68442,28490,41099,53376,91156,54018,148367,93102,53331
,,,,4144,68442,28490,41099,53376,91156,54018,148367,93102,53331
,,,,4145,68442,28490,41099,53376,91156,54018,148367,93102,53331
,,,,4146,68442,28490,41099,53376,91156,54018,148367,93102,53331
,,,,4147,68442,28490,41099,53376,91156,54018,148367,93102,53331
,,,,4148,68442,28490,41099,53376,91156,54018,148367,93102,53331
,,,,4149,68442,28490,41099,53376,91156,54018,148367,93102,53331
,,,,4150,68442,28490,41099,53376,91156,54018,148367,93102,53331
,,,,4151,68442,28490,41099,53376,91156,54018,148367,93102,53331
,,,,4152,68442,28490,41099,53376,91156,54018,148367,93102,53331
,,,,4153,68442,28490,41099,53376,91156,54018,148367,93102,53331
,,,,4154,68442,28490,41099,53376,91156,54018,148367,93102,53331
,,,,4155,68442,28490,41099,53376,91156,54018,148367,93102,53331
,,,,4156,68442,28490,41099,53376,91156,54018,148367,93102,53331
,,,,4157,68442,28490,41099,53376,91156,54018,148367,93102,53331
,,,,4158,68442,28490,41099,53376,91156,54018,148367,93102,53331
,,,,4159,68442,28490,41099,53376,91156,54018,148367,93102,53331
,,,,4160,68442,28490,41099,53376,91156,54018,148367,93102,53331
,,,,4161,68442,28490,41099,53376,91156,54018,148367,93102,53331
,,,,4162,68442,28490,41099,53376,91156,54018,148367,93102,53331
,,,,4163,68442,28490,41099,53376,91156,54018,148367,93102,53331
,,,,4164,68442,28490,41099,53376,91156,54018,148367,93102,53331
,,,,4165,68442,28490,41099,53376,91156,54018,148367,93102,53331
,,,,4166,68442,28490,41099,53376,91156,54018,148367,93102,53331
,,,,4167,68442,28490,41099,53376,91156,54018,148367,93102,53331
,,,,4168,68442,28490,41099,53376,91156,54018,148367,93102,53331
,,,,4169,68442,28490,41099,53376,91156,54018,148367,93102,53331
,,,,4170,68442,28490,41099,53376,91156,54018,148367,93102,53331
,,,,4171,68442,28490,41099,53376,91156,54018,148367,93102,53331
,,,,4172,68442,28490,41099,53376,91156,54018,148367,93102,53331
,,,,4173,68442,28490,41099,53376,91156,54018,148367,93102,53331
,,,,4174,68442,28490,41099,53376,91156,54018,148367,93102,53331
,,,,4175,68442,28490,41099,53376,91156,54018,148367,93102,53331
,,,,4176,68442,28490,41099,53376,91156,54018,148367,93102,53331
,,,,4177,68442,28490,41099,53376,91156,54018,148367,93102,53331
,,,,4178,68442,28490,41099,53376,91156,54018,148367,93102,53331
,,,,4179,68442,28490,41099,53376,91156,54018,148367,93102,53331
,,,,4180,68442,28490,41099,53376,91156,54018,148367,93102,53331
,,,,4181,68442,28490,41099,53376,91156,54018,148367,93102,53331
,,,,4182,68442,28490,41099,53376,91156,54018,148367,93102,53331
,,,,4183,68442,28490,41099,53376,91156,54018,148367,93102,53331
,,,,4184,68442,28490,41099,53376,91156,54018,148367,93102,53331
,,,,4185,68442,28490,41099,53376,91156,54018,148367,93102,53331
,,,,4186,68442,28490,41099,53376,91156,54018,148367,93102,53331
,,,,4187,68442,28490,41099,53376,91156,54018,148367,93102,53331
,,,,4188,68442,28490,41099,53376,91156,54018,148367,93102,53331
,,,,4189,68442,28490,41099,53376,91156,54018,148367,93102,53331
,,,,4190,68442,28490,41099,53376,91156,54018,148367,93102,53331
,,,,4191,68442,28490,41099,53376,91156,54018,148367,93102,53331
,,,,4192,68442,28490,41099,53376,91156,54018,148367,93102,53331
,,,,4193,68442,28490,41099,53376,91156,54018,148367,93102,53331
,,,,4194,68442,28490,41099,53376,91156,54018,148367,93102,53331
,,,,4195,68442,28490,41099,53376,91156,54018,148367,93102,53331
,,,,4196,68442,28490,41099,53376,91156,54018,148367,93102,53331
,,,,4197,68442,28490,41099,53376,91156,54018,148367,93102,53331
,,,,4198,68442,28490,41099,53376,91156,54018,148367,93102,53331
,,,,4199,68442,28490,41099,53376,91156,54018,148367,93102,53331
,,,,4200,68442,28490,41099,53376,91156,54018,148367,93102,53331
,,,,4201,68442,28490,41099,53376,91156,54018,148367,93102,53331
,,,,4202,68442,28490,41099,53376,91156,54018,148367,93102,53331
,,,,4203,68442,28490,41099,53376,91156,54018,148367,93102,53331
,,,,4204,68442,28490,41099,53376,91156,54018,148367,93102,53331
,,,,4205,68442,28490,41099,53376,91156,54018,148367,93102,53331
,,,,4206,68442,28490,41099,53376,91156,54018,148367,93102,53331
,,,,4207,68442,28490,41099,53376,91156,54018,148367,93102,53331
,,,,4208,68442,28490,41099,53376,91156,54018,148367,93102,53331
,,,,4209,68442,28490,41099,53376,91156,54018,148367,93102,53331
,,,,4210,68442,28490,41099,53376,91156,54018,148367,93102,53331
,,,,4211,68442,28490,41099,53376,91156,54018,148367,93102,53331
,,,,4212,68442,28490,41099,53376,91156,54018,148367,93102,53331
,,,,4213,68442,28490,41099,53376,91156,54018,148367,93102,53331
,,,,4214,68442,28490,41099,53376,91156,54018,148367,93102,53331
,,,,4215,68442,28490,41099,53376,91156,54018,148367,93102,53331
,,,,4216,68442,28490,41099,53376,91156,54018,148367,93102,53331
,,,,4217,68442,28490,41099,53376,91156,54018,148367,93102,53331
,,,,4218,68442,28490,41099,53376,91156,54018,148367,93102,53331
,,,,4219,68442,28490,41099,53376,91156,54018,148367,93102,53331
,,,,4220,68442,28490,41099,53376,91156,54018,148367,93102,53331
,,,,4221,68442,28490,41099,53376,91156,54018,148367,93102,53331
,,,,4222,68442,28490,41099,53376,91156,54018,148367,93102,53331
,,,,4223,68442,28490,41099,53376,91156,54018,148367,93102,53331
,,,,4224,68442,28490,41099,53376,91156,54018,148367,93102,53331
,,,,4225,68442,28490,41099,53376,91156,54018,148367,93102,53331
,,,,4226,68442,28490,41099,53376,91156,54018,148367,93102,53331
,,,,4227,68442,28490,41099,53376,91156,54018,148367,93102,53331
,,,,4228,68442,28490,41099,53376,91156,54018,148367,93102,53331
,,,,4229,68442,28490,41099,53376,91156,54018,148367,93102,53331
,,,,4230,68442,28490,41099,53376,91156,54018,148367,93102,53331
,,,,4231,68442,28490,41099,53376,91156,54018,148367,93102,53331
,,,,4232,68442,28490,41099,53376,91156,54018,148367,93102,53331
,,,,4233,68442,28490,41099,53376,91156,54018,148367,93102,53331
,,,,4234,68442,28490,41099,53376,91156,54018,148367,93102,53331
,,,,4235,68442,28490,41099,53376,91156,54018,148367,93102,53331
,,,,4236,68442,28490,41099,53376,91156,54018,148367,93102,53331
,,,,4237,68442,28490,41099,53376,91156,54018,148367,93102,53331
,,,,4238,68442,28490,41099,53376,91156,54018,148367,93102,53331
,,,,4239,68442,28490,41099,53376,91156,54018,148367,93102,53331
,,,,4240,68442,28490,41099,53376,91156,54018,148367,93102,53331
,,,,4241,68442,28490,41099,53376,91156,54018,148367,93102,53331
,,,,4242,68442,28490,41099,53376,91156,54018,148367,93102,53331
,,,,4243,68442,28490,41099,53376,91156,54018,148367,93102,53331
,,,,4244,68442,28490,41099,53376,91156,54018,148367,93102,53331
,,,,4245,68442,28490,41099,53376,91156,54018,148367,93102,53331
,,,,4246,68442,28490,41099,53376,91156,54018,148367,93102,53331
,,,,4247,68442,28490,41099,53376,91156,54018,148367,93102,53331
,,,,4248,68442,28490,41099,53376,91156,54018,148367,93102,53331
,,,,4249,68442,28490,41099,53376,91156,54018,148367,93102,53331
,,,,4250,68442,28490,41099,53376,91156,54018,148367,93102,53331
,,,,4251,68442,28490,41099,53376,91156,54018,148367,93102,53331
,,,,4252,68442,28490,41099,53376,91156,54018,148367,93102,53331
,,,,4253,68442,28490,41099,53376,91156,54018,148367,93102,53331
,,,,4254,68442,28490,41099,53376,91156,54018,148367,93102,53331
,,,,4255,68442,28490,41099,53376,91156,54018,148367,93102,53331
,,,,4256,68442,28490,41099,53376,91156,54018,148367,93102,53331
,,,,4257,68442,28490,41099,53376,91156,54018,148367,93102,53331
,,,,4258,68442,28490,41099,53376,91156,54018,148367,93102,53331
,,,,4259,68442,28490,41099,53376,91156,54018,148367,93102,53331
,,,,4260,68442,28490,41099,53376,91156,54018,148367,93102,53331
,,,,4261,68442,28490,41099,53376,91156,54018,148367,93102,53331
,,,,4262,68442,28490,41099,53376,91156,54018,148367,93102,53331
,,,,4263,68442,28490,41099,53376,91156,54018,148367,93102,53331
,,,,4264,68442,28490,41099,53376,91156,54018,148367,93102,53331
,,,,4265,68442,28490,41099,53376,91156,54018,148367,93102,53331
,,,,4266,68442,28490,41099,53376,91156,54018,148367,93102,53331
,,,,4267,68442,28490,41099,53376,91156,54018,148367,93102,53331
,,,,4268,68442,28490,41099,53376,91156,54018,148367,93102,53331
,,,,4269,68442,28490,41099,53376,91156,54018,148367,93102,53331
,,,,4270,68442,28490,41099,53376,91156,54018,148367,93102,53331
,,,,4271,68442,28490,41099,53376,91156,54018,148367,93102,53331
,,,,4272,68442,28490,41099,53376,91156,54018,148367,93102,53331
,,,,4273,68442,28490,41099,53376,91156,54018,148367,93102,53331
,,,,4274,68442,28490,41099,53376,91156,54018,148367,93102,53331
,,,,4275,68442,28490,41099,53376,91156,54018,148367,93102,53331
,,,,4276,68442,28490,41099,53376,91156,54018,148367,93102,53331
,,,,4277,68442,28490,41099,53376,91156,54018,148367,93102,53331
,,,,4278,68442,28490,41099,53376,91156,54018,148367,93102,53331
,,,,4279,68442,28490,41099,53376,91156,54018,148367,93102,53331
,,,,4280,68442,28490,41099,53376,91156,54018,148367,93102,53331
,,,,4281,68442,28490,41099,53376,91156,54018,148367,93102,53331
,,,,4282,68442,28490,41099,53376,91156,54018,148367,93102,53331
,,,,4283,68442,28490,41099,53376,91156,54018,148367,93102,53331
,,,,4284,68442,28490,41099,53376,91156,54018,148367,93102,53331
,,,,4285,68442,28490,41099,53376,91156,54018,148367,93102,53331
,,,,4286,68442,28490,41099,53376,91156,54018,148367,93102,53331
,,,,4287,68442,28490,41099,53376,91156,54018,148367,93102,53331
,,,,4288,68442,28490,41099,53376,91156,54018,148367,93102,53331
,,,,4289,68442,28490,41099,53376,91156,54018,148367,93102,53331
,,,,4290,68442,28490,41099,53376,91156,54018,148367,93102,53331
,,,,4291,68442,28490,41099,53376,91156,54018,148367,93102,53331
,,,,4292,68442,28490,41099,53376,91156,54018,148367,93102,53331
,,,,4293,68442,28490,41099,53376,91156,54018,148367,93102,53331
,,,,4294,68442,28490,41099,53376,91156,54018,148367,93102,53331
,,,,4295,68442,28490,41099,53376,91156,54018,148367,93102,53331
,,,,4296,68442,28490,41099,53376,91156,54018,148367,93102,53331
,,,,4297,68442,28490,41099,53376,91156,54018,148367,93102,53331
,,,,4298,68442,28490,41099,53376,91156,54018,148367,93102,53331
,,,,4299,68442,28490,41099,53376,91156,54018,148367,93102,53331
,,,,4300,68442,28490,41099,53376,91156,54018,148367,93102,53331
,,,,4301,68442,28490,41099,53376,91156,54018,148367,93102,53331
,,,,4302,68442,28490,41099,53376,91156,54018,148367,93102,53331
,,,,4303,68442,28490,41099,53376,91156,54018,148367,93102,53331
,,,,4304,68442,28490,41099,53376,91156,54018,148367,93102,53331
,,,,4305,68442,28490,41099,53376,91156,54018,148367,93102,53331
,,,,4306,68442,28490,41099,53376,91156,54018,148367,93102,53331
,,,,4307,68442,28490,41099,53376,91156,54018,148367,93102,53331
,,,,4308,68442,28490,41099,53376,91156,54018,148367,93102,53331
,,,,4309,68442,28490,41099,53376,91156,54018,148367,93102,53331
,,,,4310,68442,28490,41099,53376,91156,54018,148367,93102,53331
,,,,4311,68442,28490,41099,53376,91156,54018,148367,93102,53331
,,,,4312,68442,28490,41099,53376,91156,54018,148367,93102,53331
,,,,4313,68442,28490,41099,53376,91156,54018,148367,93102,53331
,,,,4314,68442,28490,41099,53376,91156,54018,148367,93102,53331
,,,,4315,68442,28490,41099,53376,91156,54018,148367,93102,53331
,,,,4316,68442,28490,41099,53376,91156,54018,148367,93102,53331
,,,,4317,68442,28490,41099,53376,91156,54018,148367,93102,53331
,,,,4318,68442,28490,41099,53376,91156,54018,148367,93102,53331
,,,,4319,68442,28490,41099,53376,91156,54018,148367,93102,53331
,,,,4320,68442,28490,41099,53376,91156,54018,148367,93102,53331
,,,,4321,68442,28490,41099,53376,91156,54018,148367,93102,53331
,,,,4322,68442,28490,41099,53376,91156,54018,148367,93102,53331
,,,,4323,68442,28490,41099,53376,91156,54018,148367,93102,53331
,,,,4324,68442,28490,41099,53376,91156,54018,148367,93102,53331
,,,,4325,68442,28490,41099,53376,91156,54018,148367,93102,53331
,,,,4326,68442,28490,41099,53376,91156,54018,148367,93102,53331
,,,,4327,68442,28490,41099,53376,91156,54018,148367,93102,53331
,,,,4328,68442,28490,41099,53376,91156,54018,148367,93102,53331
,,,,4329,68442,28490,41099,53376,91156,54018,148367,93102,53331
,,,,4330,68442,28490,41099,53376,91156,54018,148367,93102,53331
,,,,4331,68442,28490,41099,53376,91156,54018,148367,93102,53331
,,,,4332,68442,28490,41099,53376,91156,54018,148367,93102,53331
,,,,4333,68442,28490,41099,53376,91156,54018,148367,93102,53331
,,,,4334,68442,28490,41099,53376,91156,54018,148367,93102,53331
,,,,4335,68442,28490,41099,53376,91156,54018,148367,93102,53331
,,,,4336,68442,28490,41099,53376,91156,54018,148367,93102,53331
,,,,4337,68442,28490,41099,53376,91156,54018,148367,93102,53331
,,,,4338,68442,28490,41099,53376,91156,54018,148367,93102,53331
,,,,4339,68442,28490,41099,53376,91156,54018,148367,93102,53331
,,,,4340,68442,28490,41099,53376,91156,54018,148367,93102,53331
,,,,4341,68442,28490,41099,53376,91156,54018,148367,93102,53331
,,,,4342,68442,28490,41099,53376,91156,54018,148367,93102,53331
,,,,4343,68442,28490,41099,53376,91156,54018,148367,93102,53331
,,,,4344,68442,28490,41099,53376,91156,54018,148367,93102,53331
,,,,4345,68442,28490,41099,53376,91156,54018,148367,93102,53331
,,,,4346,68442,28490,41099,53376,91156,54018,148367,93102,53331
,,,,4347,68442,28490,41099,53376,91156,54018,148367,93102,53331
,,,,4348,68442,28490,41099,53376,91156,54018,148367,93102,53331
,,,,4349,68442,28490,41099,53376,91156,54018,148367,93102,53331
,,,,4350,68442,28490,41099,53376,91156,54018,148367,93102,53331
,,,,4351,68442,28490,41099,53376,91156,54018,148367,93102,53331
,,,,4352,68442,28490,41099,53376,91156,54018,148367,93102,53331
,,,,4353,68442,28490,41099,53376,91156,54018,148367,93102,53331
,,,,4354,68442,28490,41099,53376,91156,54018,148367,93102,53331
,,,,4355,68442,28490,41099,53376,91156,54018,148367,93102,53331
,,,,4356,68442,28490,41099,53376,91156,54018,148367,93102,53331
,,,,4357,68442,28490,41099,53376,91156,54018,148367,93102,53331
,,,,4358,68442,28490,41099,53376,91156,54018,148367,93102,53331
,,,,4359,68442,28490,41099,53376,91156,54018,148367,93102,53331
,,,,4360,68442,28490,41099,53376,91156,54018,148367,93102,53331
,,,,4361,68442,28490,41099,53376,91156,54018,148367,93102,53331
,,,,4362,68442,28490,41099,53376,91156,54018,148367,93102,53331
,,,,4363,68442,28490,41099,53376,91156,54018,148367,93102,53331
,,,,4364,68442,28490,41099,53376,91156,54018,148367,93102,53331
,,,,4365,68442,28490,41099,53376,91156,54018,148367,93102,53331
,,,,4366,68442,28490,41099,53376,91156,54018,148367,93102,53331
,,,,4367,68442,28490,41099,53376,91156,54018,148367,93102,53331
,,,,4368,68442,28490,41099,53376,91156,54018,148367,93102,53331
,,,,4369,68442,28490,41099,53376,91156,54018,148367,93102,53331
,,,,4370,68442,28490,41099,53376,91156,54018,148367,93102,53331
,,,,4371,68442,28490,41099,53376,91156,54018,148367,93102,53331
,,,,4372,68442,28490,41099,53376,91156,54018,148367,93102,53331
,,,,4373,68442,28490,41099,53376,91156,54018,148367,93102,53331
,,,,4374,68442,28490,41099,53376,91156,54018,148367,93102,53331
,,,,4375,68442,28490,41099,53376,91156,54018,148367,93102,53331
,,,,4376,68442,28490,41099,53376,91156,54018,148367,93102,53331
,,,,4377,68442,28490,41099,53376,91156,54018,148367,93102,53331
,,,,4378,68442,28490,41099,53376,91156,54018,148367,93102,53331
,,,,4379,68442,28490,41099,53376,91156,54018,148367,93102,53331
,,,,4380,68442,28490,41099,53376,91156,54018,148367,93102,53331
,,,,4381,68442,28490,41099,53376,91156,54018,148367,93102,53331
,,,,4382,68442,28490,41099,53376,91156,54018,148367,93102,53331
,,,,4383,68442,28490,41099,53376,91156,54018,148367,93102,53331
,,,,4384,68442,28490,41099,53376,91156,54018,148367,93102,53331
,,,,4385,68442,28490,41099,53376,91156,54018,148367,93102,53331
,,,,4386,68442,28490,41099,53376,91156,54018,148367,93102,53331
,,,,4387,68442,28490,41099,53376,91156,54018,148367,93102,53331
,,,,4388,68442,28490,41099,53376,91156,54018,148367,93102,53331
,,,,4389,68442,28490,41099,53376,91156,54018,148367,93102,53331
,,,,4390,68442,28490,41099,53376,91156,54018,148367,93102,53331
,,,,4391,68442,28490,41099,53376,91156,54018,148367,93102,53331
,,,,4392,68442,28490,41099,53376,91156,54018,148367,93102,53331
,,,,4393,68442,28490,41099,53376,91156,54018,148367,93102,53331
,,,,4394,68442,28490,41099,53376,91156,54018,148367,93102,53331
,,,,4395,68442,28490,41099,53376,91156,54018,148367,93102,53331
,,,,4396,68442,28490,41099,53376,91156,54018,148367,93102,53331
,,,,4397,68442,28490,41099,53376,91156,54018,148367,93102,53331
,,,,4398,68442,28490,41099,53376,91156,54018,148367,93102,53331
,,,,4399,68442,28490,41099,53376,91156,54018,148367,93102,53331
,,,,4400,68442,28490,41099,53376,91156,54018,148367,93102,53331
,,,,4401,68442,28490,41099,53376,91156,54018,148367,93102,53331
,,,,4402,68442,28490,41099,53376,91156,54018,148367,93102,53331
,,,,4403,68442,28490,41099,53376,91156,54018,148367,93102,53331
,,,,4404,68442,28490,41099,53376,91156,54018,148367,93102,53331
,,,,4405,68442,28490,41099,53376,91156,54018,148367,93102,53331
,,,,4406,68442,28490,41099,53376,91156,54018,148367,93102,53331
,,,,4407,68442,28490,41099,53376,91156,54018,148367,93102,53331
,,,,4408,68442,28490,41099,53376,91156,54018,148367,93102,53331
,,,,4409,68442,28490,41099,53376,91156,54018,148367,93102,53331
,,,,4410,68442,28490,41099,53376,91156,54018,148367,93102,53331
,,,,4411,68442,28490,41099,53376,91156,54018,148367,93102,53331
,,,,4412,68442,28490,41099,53376,91156,54018,148367,93102,53331
,,,,4413,68442,28490,41099,53376,91156,54018,148367,93102,53331
,,,,4414,68442,28490,41099,53376,91156,54018,148367,93102,53331
,,,,4415,68442,28490,41099,53376,91156,54018,148367,93102,53331
,,,,4416,68442,28490,41099,53376,91156,54018,148367,93102,53331
,,,,4417,68442,28490,41099,53376,91156,54018,148367,93102,53331
,,,,4418,68442,28490,41099,53376,91156,54018,148367,93102,53331
,,,,4419,68442,28490,41099,53376,91156,54018,148367,93102,53331
,,,,4420,68442,28490,41099,53376,91156,54018,148367,93102,53331
,,,,4421,68442,28490,41099,53376,91156,54018,148367,93102,53331
,,,,4422,68442,28490,41099,53376,91156,54018,148367,93102,53331
,,,,4423,68442,28490,41099,53376,91156,54018,148367,93102,53331
,,,,4424,68442,28490,41099,53376,91156,54018,148367,93102,53331
,,,,4425,68442,28490,41099,53376,91156,54018,148367,93102,53331
,,,,4426,68442,28490,41099,53376,91156,54018,148367,93102,53331
,,,,4427,68442,28490,41099,53376,91156,54018,148367,93102,53331
,,,,4428,68442,28490,41099,53376,91156,54018,148367,93102,53331
,,,,4429,68442,28490,41099,53376,91156,54018,148367,93102,53331
,,,,4430,68442,28490,41099,53376,91156,54018,148367,93102,53331
,,,,4431,68442,28490,41099,53376,91156,54018,148367,93102,53331
,,,,4432,68442,28490,41099,53376,91156,54018,148367,93102,53331
,,,,4433,68442,28490,41099,53376,91156,54018,148367,93102,53331
,,,,4434,68442,28490,41099,53376,91156,54018,148367,93102,53331
,,,,4435,68442,28490,41099,53376,91156,54018,148367,93102,53331
,,,,4436,68442,28490,41099,53376,91156,54018,148367,93102,53331
,,,,4437,68442,28490,41099,53376,91156,54018,148367,93102,53331
,,,,4438,68442,28490,41099,53376,91156,54018,148367,93102,53331
,,,,4439,68442,28490,41099,53376,91156,54018,148367,93102,53331
,,,,4440,68442,28490,41099,53376,91156,54018,148367,93102,53331
,,,,4441,68442,28490,41099,53376,91156,54018,148367,93102,53331
,,,,4442,68442,28490,41099,53376,91156,54018,148367,93102,53331
,,,,4443,68442,28490,41099,53376,91156,54018,148367,93102,53331
,,,,4444,68442,28490,41099,53376,91156,54018,148367,93102,53331
,,,,4445,68442,28490,41099,53376,91156,54018,148367,93102,53331
,,,,4446,68442,28490,41099,53376,91156,54018,148367,93102,53331
,,,,4447,68442,28490,41099,53376,91156,54018,148367,93102,53331
,,,,4448,68442,28490,41099,53376,91156,54018,148367,93102,53331
,,,,4449,68442,28490,41099,53376,91156,54018,148367,93102,53331
,,,,4450,68442,28490,41099,53376,91156,54018,148367,93102,53331
,,,,4451,68442,28490,41099,53376,91156,54018,148367,93102,53331
,,,,4452,68442,28490,41099,53376,91156,54018,148367,93102,53331
,,,,4453,68442,28490,41099,53376,91156,54018,148367,93102,53331
,,,,4454,68442,28490,41099,53376,91156,54018,148367,93102,53331
,,,,4455,68442,28490,41099,53376,91156,54018,148367,93102,53331
,,,,4456,68442,28490,41099,53376,91156,54018,148367,93102,53331
,,,,4457,68442,28490,41099,53376,91156,54018,148367,93102,53331
,,,,4458,68442,28490,41099,53376,91156,54018,148367,93102,53331
,,,,4459,68442,28490,41099,53376,91156,54018,148367,93102,53331
,,,,4460,68442,28490,41099,53376,91156,54018,148367,93102,53331
,,,,4461,68442,28490,41099,53376,91156,54018,148367,93102,53331
,,,,4462,68442,28490,41099,53376,91156,54018,148367,93102,53331
,,,,4463,68442,28490,41099,53376,91156,54018,148367,93102,53331
,,,,4464,68442,28490,41099,53376,91156,54018,148367,93102,53331
,,,,4465,68442,28490,41099,53376,91156,54018,148367,93102,53331
,,,,4466,68442,28490,41099,53376,91156,54018,148367,93102,53331
,,,,4467,68442,28490,41099,53376,91156,54018,148367,93102,53331
,,,,4468,68442,28490,41099,53376,91156,54018,148367,93102,53331
,,,,4469,68442,28490,41099,53376,91156,54018,148367,93102,53331
,,,,4470,68442,28490,41099,53376,91156,54018,148367,93102,53331
,,,,4471,68442,28490,41099,53376,91156,54018,148367,93102,53331
,,,,4472,68442,28490,41099,53376,91156,54018,148367,93102,53331
,,,,4473,68442,28490,41099,53376,91156,54018,148367,93102,53331
,,,,4474,68442,28490,41099,53376,91156,54018,148367,93102,53331
,,,,4475,68442,28490,41099,53376,91156,54018,148367,93102,53331
,,,,4476,68442,28490,41099,53376,91156,54018,148367,93102,53331
,,,,4477,68442,28490,41099,53376,91156,54018,148367,93102,53331
,,,,4478,68442,28490,41099,53376,91156,54018,148367,93102,53331
,,,,4479,68442,28490,41099,53376,91156,54018,148367,93102,53331
,,,,4480,68442,28490,41099,53376,91156,54018,148367,93102,53331
,,,,4481,68442,28490,41099,53376,91156,54018,148367,93102,53331
,,,,4482,68442,28490,41099,53376,91156,54018,148367,93102,53331
,,,,4483,68442,28490,41099,53376,91156,54018,148367,93102,53331
,,,,4484,68442,28490,41099,53376,91156,54018,148367,93102,53331
,,,,4485,68442,28490,41099,53376,91156,54018,148367,93102,53331
,,,,4486,68442,28490,41099,53376,91156,54018,148367,93102,53331
,,,,4487,68442,28490,41099,53376,91156,54018,148367,93102,53331
,,,,4488,68442,28490,41099,53376,91156,54018,148367,93102,53331
,,,,4489,68442,28490,41099,53376,91156,54018,148367,93102,53331
,,,,4490,68442,28490,41099,53376,91156,54018,148367,93102,53331
,,,,4491,68442,28490,41099,53376,91156,54018,148367,93102,53331
,,,,4492,68442,28490,41099,53376,91156,54018,148367,93102,53331
,,,,4493,68442,28490,41099,53376,91156,54018,148367,93102,53331
,,,,4494,68442,28490,41099,53376,91156,54018,148367,93102,53331
,,,,4495,68442,28490,41099,53376,91156,54018,148367,93102,53331
,,,,4496,68442,28490,41099,53376,91156,54018,148367,93102,53331
,,,,4497,68442,28490,41099,53376,91156,54018,148367,93102,53331
,,,,4498,68442,28490,41099,53376,91156,54018,148367,93102,53331
,,,,4499,68442,28490,41099,53376,91156,54018,148367,93102,53331
,,,,4500,68442,28490,41099,53376,91156,54018,148367,93102,53331
,,,,4501,68442,28490,41099,53376,91156,54018,148367,93102,53331
,,,,4502,68442,28490,41099,53376,91156,54018,148367,93102,53331
,,,,4503,68442,28490,41099,53376,91156,54018,148367,93102,53331
,,,,4504,68442,28490,41099,53376,91156,54018,148367,93102,53331
,,,,4505,68442,28490,41099,53376,91156,54018,148367,93102,53331
,,,,4506,68442,28490,41099,53376,91156,54018,148367,93102,53331
,,,,4507,68442,28490,41099,53376,91156,54018,148367,93102,53331
,,,,4508,68442,28490,41099,53376,91156,54018,148367,93102,53331
,,,,4509,68442,28490,41099,53376,91156,54018,148367,93102,53331
,,,,4510,68442,28490,41099,53376,91156,54018,148367,93102,53331
,,,,4511,68442,28490,41099,53376,91156,54018,148367,93102,53331
,,,,4512,68442,28490,41099,53376,91156,54018,148367,93102,53331
,,,,4513,68442,28490,41099,53376,91156,54018,148367,93102,53331
,,,,4514,68442,28490,41099,53376,91156,54018,148367,93102,53331
,,,,4515,68442,28490,41099,53376,91156,54018,148367,93102,53331
,,,,4516,68442,28490,41099,53376,91156,54018,148367,93102,53331
,,,,4517,68442,28490,41099,53376,91156,54018,148367,93102,53331
,,,,4518,68442,28490,41099,53376,91156,54018,148367,93102,53331
,,,,4519,68442,28490,41099,53376,91156,54018,148367,93102,53331
,,,,4520,68442,28490,41099,53376,91156,54018,148367,93102,53331
,,,,4521,68442,28490,41099,53376,91156,54018,148367,93102,53331
,,,,4522,68442,28490,41099,53376,91156,54018,148367,93102,53331
,,,,4523,68442,28490,41099,53376,91156,54018,148367,93102,53331
,,,,4524,68442,28490,41099,53376,91156,54018,148367,93102,53331
,,,,4525,68442,28490,41099,53376,91156,54018,148367,93102,53331
,,,,4526,68442,28490,41099,53376,91156,54018,148367,93102,53331
,,,,4527,68442,28490,41099,53376,91156,54018,148367,93102,53331
,,,,4528,68442,28490,41099,53376,91156,54018,148367,93102,53331
,,,,4529,68442,28490,41099,53376,91156,54018,148367,93102,53331
,,,,4530,68442,28490,41099,53376,91156,54018,148367,93102,53331
,,,,4531,68442,28490,41099,53376,91156,54018,148367,93102,53331
,,,,4532,68442,28490,41099,53376,91156,54018,148367,93102,53331
,,,,4533,68442,28490,41099,53376,91156,54018,148367,93102,53331
,,,,4534,68442,28490,41099,53376,91156,54018,148367,93102,53331
,,,,4535,68442,28490,41099,53376,91156,54018,148367,93102,53331
,,,,4536,68442,28490,41099,53376,91156,54018,148367,93102,53331
,,,,4537,68442,28490,41099,53376,91156,54018,148367,93102,53331
,,,,4538,68442,28490,41099,53376,91156,54018,148367,93102,53331
,,,,4539,68442,28490,41099,53376,91156,54018,148367,93102,53331
,,,,4540,68442,28490,41099,53376,91156,54018,148367,93102,53331
,,,,4541,68442,28490,41099,53376,91156,54018,148367,93102,53331
,,,,4542,68442,28490,41099,53376,91156,54018,148367,93102,53331
,,,,4543,68442,28490,41099,53376,91156,54018,148367,93102,53331
,,,,4544,68442,28490,41099,53376,91156,54018,148367,93102,53331
,,,,4545,68442,28490,41099,53376,91156,54018,148367,93102,53331
,,,,4546,68442,28490,41099,53376,91156,54018,148367,93102,53331
,,,,4547,68442,28490,41099,53376,91156,54018,148367,93102,53331
,,,,4548,68442,28490,41099,53376,91156,54018,148367,93102,53331
,,,,4549,68442,28490,41099,53376,91156,54018,148367,93102,53331
,,,,4550,68442,28490,41099,53376,91156,54018,148367,93102,53331
,,,,4551,68442,28490,41099,53376,91156,54018,148367,93102,53331
,,,,4552,68442,28490,41099,53376,91156,54018,148367,93102,53331
,,,,4553,68442,28490,41099,53376,91156,54018,148367,93102,53331
,,,,4554,68442,28490,41099,53376,91156,54018,148367,93102,53331
,,,,4555,68442,28490,41099,53376,91156,54018,148367,93102,53331
,,,,4556,68442,28490,41099,53376,91156,54018,148367,93102,53331
,,,,4557,68442,28490,41099,53376,91156,54018,148367,93102,53331
,,,,4558,68442,28490,41099,53376,91156,54018,148367,93102,53331
,,,,4559,68442,28490,41099,53376,91156,54018,148367,93102,53331
,,,,4560,68442,28490,41099,53376,91156,54018,148367,93102,53331
,,,,4561,68442,28490,41099,53376,91156,54018,148367,93102,53331
,,,,4562,68442,28490,41099,53376,91156,54018,148367,93102,53331
,,,,4563,68442,28490,41099,53376,91156,54018,148367,93102,53331
,,,,4564,68442,28490,41099,53376,91156,54018,148367,93102,53331
,,,,4565,68442,28490,41099,53376,91156,54018,148367,93102,53331
,,,,4566,68442,28490,41099,53376,91156,54018,148367,93102,53331
,,,,4567,68442,28490,41099,53376,91156,54018,148367,93102,53331
,,,,4568,68442,28490,41099,53376,91156,54018,148367,93102,53331
,,,,4569,68442,28490,41099,53376,91156,54018,148367,93102,53331
,,,,4570,68442,28490,41099,53376,91156,54018,148367,93102,53331
,,,,4571,68442,28490,41099,53376,91156,54018,148367,93102,53331
,,,,4572,68442,28490,41099,53376,91156,54018,148367,93102,53331
,,,,4573,68442,28490,41099,53376,91156,54018,148367,93102,53331
,,,,4574,68442,28490,41099,53376,91156,54018,148367,93102,53331
,,,,4575,68442,28490,41099,53376,91156,54018,148367,93102,53331
,,,,4576,68442,28490,41099,53376,91156,54018,148367,93102,53331
,,,,4577,68442,28490,41099,53376,91156,54018,148367,93102,53331
,,,,4578,68442,28490,41099,53376,91156,54018,148367,93102,53331
,,,,4579,68442,28490,41099,53376,91156,54018,148367,93102,53331
,,,,4580,68442,28490,41099,53376,91156,54018,148367,93102,53331
,,,,4581,68442,28490,41099,53376,91156,54018,148367,93102,53331
,,,,4582,68442,28490,41099,53376,91156,54018,148367,93102,53331
,,,,4583,68442,28490,41099,53376,91156,54018,148367,93102,53331
,,,,4584,68442,28490,41099,53376,91156,54018,148367,93102,53331
,,,,4585,68442,28490,41099,53376,91156,54018,148367,93102,53331
,,,,4586,68442,28490,41099,53376,91156,54018,148367,93102,53331
,,,,4587,68442,28490,41099,53376,91156,54018,148367,93102,53331
,,,,4588,68442,28490,41099,53376,91156,54018,148367,93102,53331
,,,,4589,68442,28490,41099,53376,91156,54018,148367,93102,53331
,,,,4590,68442,28490,41099,53376,91156,54018,148367,93102,53331
,,,,4591,68442,28490,41099,53376,91156,54018,148367,93102,53331
,,,,4592,68442,28490,41099,53376,91156,54018,148367,93102,53331
,,,,4593,68442,28490,41099,53376,91156,54018,148367,93102,53331
,,,,4594,68442,28490,41099,53376,91156,54018,148367,93102,53331
,,,,4595,68442,28490,41099,53376,91156,54018,148367,93102,53331
,,,,4596,68442,28490,41099,53376,91156,54018,148367,93102,53331
,,,,4597,68442,28490,41099,53376,91156,54018,148367,93102,53331
,,,,4598,68442,28490,41099,53376,91156,54018,148367,93102,53331
,,,,4599,68442,28490,41099,53376,91156,54018,148367,93102,53331
,,,,4600,68442,28490,41099,53376,91156,54018,148367,93102,53331
,,,,4601,68442,28490,41099,53376,91156,54018,148367,93102,53331
,,,,4602,68442,28490,41099,53376,91156,54018,148367,93102,53331
,,,,4603,68442,28490,41099,53376,91156,54018,148367,93102,53331
,,,,4604,68442,28490,41099,53376,91156,54018,148367,93102,53331
,,,,4605,68442,28490,41099,53376,91156,54018,148367,93102,53331
,,,,4606,68442,28490,41099,53376,91156,54018,148367,93102,53331
,,,,4607,68442,28490,41099,53376,91156,54018,148367,93102,53331
,,,,4608,68442,28490,41099,53376,91156,54018,148367,93102,53331
,,,,4609,68442,28490,41099,53376,91156,54018,148367,93102,53331
,,,,4610,68442,28490,41099,53376,91156,54018,148367,93102,53331
,,,,4611,68442,28490,41099,53376,91156,54018,148367,93102,53331
,,,,4612,68442,28490,41099,53376,91156,54018,148367,93102,53331
,,,,4613,68442,28490,41099,53376,91156,54018,148367,93102,53331
,,,,4614,68442,28490,41099,53376,91156,54018,148367,93102,53331
,,,,4615,68442,28490,41099,53376,91156,54018,148367,93102,53331
,,,,4616,68442,28490,41099,53376,91156,54018,148367,93102,53331
,,,,4617,68442,28490,41099,53376,91156,54018,148367,93102,53331
,,,,4618,68442,28490,41099,53376,91156,54018,148367,93102,53331
,,,,4619,68442,28490,41099,53376,91156,54018,148367,93102,53331
,,,,4620,68442,28490,41099,53376,91156,54018,148367,93102,53331
,,,,4621,68442,28490,41099,53376,91156,54018,148367,93102,53331
,,,,4622,68442,28490,41099,53376,91156,54018,148367,93102,53331
,,,,4623,68442,28490,41099,53376,91156,54018,148367,93102,53331
,,,,4624,68442,28490,41099,53376,91156,54018,148367,93102,53331
,,,,4625,68442,28490,41099,53376,91156,54018,148367,93102,53331
,,,,4626,68442,28490,41099,53376,91156,54018,148367,93102,53331
,,,,4627,68442,28490,41099,53376,91156,54018,148367,93102,53331
,,,,4628,68442,28490,41099,53376,91156,54018,148367,93102,53331
,,,,4629,68442,28490,41099,53376,91156,54018,148367,93102,53331
,,,,4630,68442,28490,41099,53376,91156,54018,148367,93102,53331
,,,,4631,68442,28490,41099,53376,91156,54018,148367,93102,53331
,,,,4632,68442,28490,41099,53376,91156,54018,148367,93102,53331
,,,,4633,68442,28490,41099,53376,91156,54018,148367,93102,53331
,,,,4634,68442,28490,41099,53376,91156,54018,148367,93102,53331
,,,,4635,68442,28490,41099,53376,91156,54018,148367,93102,53331
,,,,4636,68442,28490,41099,53376,91156,54018,148367,93102,53331
,,,,4637,68442,28490,41099,53376,91156,54018,148367,93102,53331
,,,,4638,68442,28490,41099,53376,91156,54018,148367,93102,53331
,,,,4639,68442,28490,41099,53376,91156,54018,148367,93102,53331
,,,,4640,68442,28490,41099,53376,91156,54018,148367,93102,53331
,,,,4641,68442,28490,41099,53376,91156,54018,148367,93102,53331
,,,,4642,68442,28490,41099,53376,91156,54018,148367,93102,53331
,,,,4643,68442,28490,41099,53376,91156,54018,148367,93102,53331
,,,,4644,68442,28490,41099,53376,91156,54018,148367,93102,53331
,,,,4645,68442,28490,41099,53376,91156,54018,148367,93102,53331
,,,,4646,68442,28490,41099,53376,91156,54018,148367,93102,53331
,,,,4647,68442,28490,41099,53376,91156,54018,148367,93102,53331
,,,,4648,68442,28490,41099,53376,91156,54018,148367,93102,53331
,,,,4649,68442,28490,41099,53376,91156,54018,148367,93102,53331
,,,,4650,68442,28490,41099,53376,91156,54018,148367,93102,53331
,,,,4651,68442,28490,41099,53376,91156,54018,148367,93102,53331
,,,,4652,68442,28490,41099,53376,91156,54018,148367,93102,53331
,,,,4653,68442,28490,41099,53376,91156,54018,148367,93102,53331
,,,,4654,68442,28490,41099,53376,91156,54018,148367,93102,53331
,,,,4655,68442,28490,41099,53376,91156,54018,148367,93102,53331
,,,,4656,68442,28490,41099,53376,91156,54018,148367,93102,53331
,,,,4657,68442,28490,41099,53376,91156,54018,148367,93102,53331
,,,,4658,68442,28490,41099,53376,91156,54018,148367,93102,53331
,,,,4659,68442,28490,41099,53376,91156,54018,148367,93102,53331
,,,,4660,68442,28490,41099,53376,91156,54018,148367,93102,53331
,,,,4661,68442,28490,41099,53376,91156,54018,148367,93102,53331
,,,,4662,68442,28490,41099,53376,91156,54018,148367,93102,53331
,,,,4663,68442,28490,41099,53376,91156,54018,148367,93102,53331
,,,,4664,68442,28490,41099,53376,91156,54018,148367,93102,53331
,,,,4665,68442,28490,41099,53376,91156,54018,148367,93102,53331
,,,,4666,68442,28490,41099,53376,91156,54018,148367,93102,53331
,,,,4667,68442,28490,41099,53376,91156,54018,148367,93102,53331
,,,,4668,68442,28490,41099,53376,91156,54018,148367,93102,53331
,,,,4669,68442,28490,41099,53376,91156,54018,148367,93102,53331
,,,,4670,68442,28490,41099,53376,91156,54018,148367,93102,53331
,,,,4671,68442,28490,41099,53376,91156,54018,148367,93102,53331
,,,,4672,68442,28490,41099,53376,91156,54018,148367,93102,53331
,,,,4673,68442,28490,41099,53376,91156,54018,148367,93102,53331
,,,,4674,68442,28490,41099,53376,91156,54018,148367,93102,53331
,,,,4675,68442,28490,41099,53376,91156,54018,148367,93102,53331
,,,,4676,68442,28490,41099,53376,91156,54018,148367,93102,53331
,,,,4677,68442,28490,41099,53376,91156,54018,148367,93102,53331
,,,,4678,68442,28490,41099,53376,91156,54018,148367,93102,53331
,,,,4679,68442,28490,41099,53376,91156,54018,148367,93102,53331
,,,,4680,68442,28490,41099,53376,91156,54018,148367,93102,53331
,,,,4681,68442,28490,41099,53376,91156,54018,148367,93102,53331
,,,,4682,68442,28490,41099,53376,91156,54018,148367,93102,53331
,,,,4683,68442,28490,41099,53376,91156,54018,148367,93102,53331
,,,,4684,68442,28490,41099,53376,91156,54018,148367,93102,53331
,,,,4685,68442,28490,41099,53376,91156,54018,148367,93102,53331
,,,,4686,68442,28490,41099,53376,91156,54018,148367,93102,53331
,,,,4687,68442,28490,41099,53376,91156,54018,148367,93102,53331
,,,,4688,68442,28490,41099,53376,91156,54018,148367,93102,53331
,,,,4689,68442,28490,41099,53376,91156,54018,148367,93102,53331
,,,,4690,68442,28490,41099,53376,91156,54018,148367,93102,53331
,,,,4691,68442,28490,41099,53376,91156,54018,148367,93102,53331
,,,,4692,68442,28490,41099,53376,91156,54018,148367,93102,53331
,,,,4693,68442,28490,41099,53376,91156,54018,148367,93102,53331
,,,,4694,68442,28490,41099,53376,91156,54018,148367,93102,53331
,,,,4695,68442,28490,41099,53376,91156,54018,148367,93102,53331
,,,,4696,68442,28490,41099,53376,91156,54018,148367,93102,53331
,,,,4697,68442,28490,41099,53376,91156,54018,148367,93102,53331
,,,,4698,68442,28490,41099,53376,91156,54018,148367,93102,53331
,,,,4699,68442,28490,41099,53376,91156,54018,148367,93102,53331
,,,,4700,68442,28490,41099,53376,91156,54018,148367,93102,53331
,,,,4701,68442,28490,41099,53376,91156,54018,148367,93102,53331
,,,,4702,68442,28490,41099,53376,91156,54018,148367,93102,53331
,,,,4703,68442,28490,41099,53376,91156,54018,148367,93102,53331
,,,,4704,68442,28490,41099,53376,91156,54018,148367,93102,53331
,,,,4705,68442,28490,41099,53376,91156,54018,148367,93102,53331
,,,,4706,68442,28490,41099,53376,91156,54018,148367,93102,53331
,,,,4707,68442,28490,41099,53376,91156,54018,148367,93102,53331
,,,,4708,68442,28490,41099,53376,91156,54018,148367,93102,53331
,,,,4709,68442,28490,41099,53376,91156,54018,148367,93102,53331
,,,,4710,68442,28490,41099,53376,91156,54018,148367,93102,53331
,,,,4711,68442,28490,41099,53376,91156,54018,148367,93102,53331
,,,,4712,68442,28490,41099,53376,91156,54018,148367,93102,53331
,,,,4713,68442,28490,41099,53376,91156,54018,148367,93102,53331
,,,,4714,68442,28490,41099,53376,91156,54018,148367,93102,53331
,,,,4715,68442,28490,41099,53376,91156,54018,148367,93102,53331
,,,,4716,68442,28490,41099,53376,91156,54018,148367,93102,53331
,,,,4717,68442,28490,41099,53376,91156,54018,148367,93102,53331
,,,,4718,68442,28490,41099,53376,91156,54018,148367,93102,53331
,,,,4719,68442,28490,41099,53376,91156,54018,148367,93102,53331
,,,,4720,68442,28490,41099,53376,91156,54018,148367,93102,53331
,,,,4721,68442,28490,41099,53376,91156,54018,148367,93102,53331
,,,,4722,68442,28490,41099,53376,91156,54018,148367,93102,53331
,,,,4723,68442,28490,41099,53376,91156,54018,148367,93102,53331
,,,,4724,68442,28490,41099,53376,91156,54018,148367,93102,53331
,,,,4725,68442,28490,41099,53376,91156,54018,148367,93102,53331
,,,,4726,68442,28490,41099,53376,91156,54018,148367,93102,53331
,,,,4727,68442,28490,41099,53376,91156,54018,148367,93102,53331
,,,,4728,68442,28490,41099,53376,91156,54018,148367,93102,53331
,,,,4729,68442,28490,41099,53376,91156,54018,148367,93102,53331
,,,,4730,68442,28490,41099,53376,91156,54018,148367,93102,53331
,,,,4731,68442,28490,41099,53376,91156,54018,148367,93102,53331
,,,,4732,68442,28490,41099,53376,91156,54018,148367,93102,53331
,,,,4733,68442,28490,41099,53376,91156,54018,148367,93102,53331
,,,,4734,68442,28490,41099,53376,91156,54018,148367,93102,53331
,,,,4735,68442,28490,41099,53376,91156,54018,148367,93102,53331
,,,,4736,68442,28490,41099,53376,91156,54018,148367,93102,53331
,,,,4737,68442,28490,41099,53376,91156,54018,148367,93102,53331
,,,,4738,68442,28490,41099,53376,91156,54018,148367,93102,53331
,,,,4739,68442,28490,41099,53376,91156,54018,148367,93102,53331
,,,,4740,68442,28490,41099,53376,91156,54018,148367,93102,53331
,,,,4741,68442,28490,41099,53376,91156,54018,148367,93102,53331
,,,,4742,68442,28490,41099,53376,91156,54018,148367,93102,53331
,,,,4743,68442,28490,41099,53376,91156,54018,148367,93102,53331
,,,,4744,68442,28490,41099,53376,91156,54018,148367,93102,53331
,,,,4745,68442,28490,41099,53376,91156,54018,148367,93102,53331
,,,,4746,68442,28490,41099,53376,91156,54018,148367,93102,53331
,,,,4747,68442,28490,41099,53376,91156,54018,148367,93102,53331
,,,,4748,68442,28490,41099,53376,91156,54018,148367,93102,53331
,,,,4749,68442,28490,41099,53376,91156,54018,148367,93102,53331
,,,,4750,68442,28490,41099,53376,91156,54018,148367,93102,53331
,,,,4751,68442,28490,41099,53376,91156,54018,148367,93102,53331
,,,,4752,68442,28490,41099,53376,91156,54018,148367,93102,53331
,,,,4753,68442,28490,41099,53376,91156,54018,148367,93102,53331
,,,,4754,68442,28490,41099,53376,91156,54018,148367,93102,53331
,,,,4755,68442,28490,41099,53376,91156,54018,148367,93102,53331
,,,,4756,68442,28490,41099,53376,91156,54018,148367,93102,53331
,,,,4757,68442,28490,41099,53376,91156,54018,148367,93102,53331
,,,,4758,68442,28490,41099,53376,91156,54018,148367,93102,53331
,,,,4759,68442,28490,41099,53376,91156,54018,148367,93102,53331
,,,,4760,68442,28490,41099,53376,91156,54018,148367,93102,53331
,,,,4761,68442,28490,41099,53376,91156,54018,148367,93102,53331
,,,,4762,68442,28490,41099,53376,91156,54018,148367,93102,53331
,,,,4763,68442,28490,41099,53376,91156,54018,148367,93102,53331
,,,,4764,68442,28490,41099,53376,91156,54018,148367,93102,53331
,,,,4765,68442,28490,41099,53376,91156,54018,148367,93102,53331
,,,,4766,68442,28490,41099,53376,91156,54018,148367,93102,53331
,,,,4767,68442,28490,41099,53376,91156,54018,148367,93102,53331
,,,,4768,68442,28490,41099,53376,91156,54018,148367,93102,53331
,,,,4769,68442,28490,41099,53376,91156,54018,148367,93102,53331
,,,,4770,68442,28490,41099,53376,91156,54018,148367,93102,53331
,,,,4771,68442,28490,41099,53376,91156,54018,148367,93102,53331
,,,,4772,68442,28490,41099,53376,91156,54018,148367,93102,53331
,,,,4773,68442,28490,41099,53376,91156,54018,148367,93102,53331
,,,,4774,68442,28490,41099,53376,91156,54018,148367,93102,53331
,,,,4775,68442,28490,41099,53376,91156,54018,148367,93102,53331
,,,,4776,68442,28490,41099,53376,91156,54018,148367,93102,53331
,,,,4777,68442,28490,41099,53376,91156,54018,148367,93102,53331
,,,,4778,68442,28490,41099,53376,91156,54018,148367,93102,53331
,,,,4779,68442,28490,41099,53376,91156,54018,148367,93102,53331
,,,,4780,68442,28490,41099,53376,91156,54018,148367,93102,53331
,,,,4781,68442,28490,41099,53376,91156,54018,148367,93102,53331
,,,,4782,68442,28490,41099,53376,91156,54018,148367,93102,53331
,,,,4783,68442,28490,41099,53376,91156,54018,148367,93102,53331
,,,,4784,68442,28490,41099,53376,91156,54018,148367,93102,53331
,,,,4785,68442,28490,41099,53376,91156,54018,148367,93102,53331
,,,,4786,68442,28490,41099,53376,91156,54018,148367,93102,53331
,,,,4787,68442,28490,41099,53376,91156,54018,148367,93102,53331
,,,,4788,68442,28490,41099,53376,91156,54018,148367,93102,53331
,,,,4789,68442,28490,41099,53376,91156,54018,148367,93102,53331
,,,,4790,68442,28490,41099,53376,91156,54018,148367,93102,53331
,,,,4791,68442,28490,41099,53376,91156,54018,148367,93102,53331
,,,,4792,68442,28490,41099,53376,91156,54018,148367,93102,53331
,,,,4793,68442,28490,41099,53376,91156,54018,148367,93102,53331
,,,,4794,68442,28490,41099,53376,91156,54018,148367,93102,53331
,,,,4795,68442,28490,41099,53376,91156,54018,148367,93102,53331
,,,,4796,68442,28490,41099,53376,91156,54018,148367,93102,53331
,,,,4797,68442,28490,41099,53376,91156,54018,148367,93102,53331
,,,,4798,68442,28490,41099,53376,91156,54018,148367,93102,53331
,,,,4799,68442,28490,41099,53376,91156,54018,148367,93102,53331
,,,,4800,68442,28490,41099,53376,91156,54018,148367,93102,53331
,,,,4801,68442,28490,41099,53376,91156,54018,148367,93102,53331
,,,,4802,68442,28490,41099,53376,91156,54018,148367,93102,53331
,,,,4803,68442,28490,41099,53376,91156,54018,148367,93102,53331
,,,,4804,68442,28490,41099,53376,91156,54018,148367,93102,53331
,,,,4805,68442,28490,41099,53376,91156,54018,148367,93102,53331
,,,,4806,68442,28490,41099,53376,91156,54018,148367,93102,53331
,,,,4807,68442,28490,41099,53376,91156,54018,148367,93102,53331
,,,,4808,68442,28490,41099,53376,91156,54018,148367,93102,53331
,,,,4809,68442,28490,41099,53376,91156,54018,148367,93102,53331
,,,,4810,68442,28490,41099,53376,91156,54018,148367,93102,53331
,,,,4811,68442,28490,41099,53376,91156,54018,148367,93102,53331
,,,,4812,68442,28490,41099,53376,91156,54018,148367,93102,53331
,,,,4813,68442,28490,41099,53376,91156,54018,148367,93102,53331
,,,,4814,68442,28490,41099,53376,91156,54018,148367,93102,53331
,,,,4815,68442,28490,41099,53376,91156,54018,148367,93102,53331
,,,,4816,68442,28490,41099,53376,91156,54018,148367,93102,53331
,,,,4817,68442,28490,41099,53376,91156,54018,148367,93102,53331
,,,,4818,68442,28490,41099,53376,91156,54018,148367,93102,53331
,,,,4819,68442,28490,41099,53376,91156,54018,148367,93102,53331
,,,,4820,68442,28490,41099,53376,91156,54018,148367,93102,53331
,,,,4821,68442,28490,41099,53376,91156,54018,148367,93102,53331
,,,,4822,68442,28490,41099,53376,91156,54018,148367,93102,53331
,,,,4823,68442,28490,41099,53376,91156,54018,148367,93102,53331
,,,,4824,68442,28490,41099,53376,91156,54018,148367,93102,53331
,,,,4825,68442,28490,41099,53376,91156,54018,148367,93102,53331
,,,,4826,68442,28490,41099,53376,91156,54018,148367,93102,53331
,,,,4827,68442,28490,41099,53376,91156,54018,148367,93102,53331
,,,,4828,68442,28490,41099,53376,91156,54018,148367,93102,53331
,,,,4829,68442,28490,41099,53376,91156,54018,148367,93102,53331
,,,,4830,68442,28490,41099,53376,91156,54018,148367,93102,53331
,,,,4831,68442,28490,41099,53376,91156,54018,148367,93102,53331
,,,,4832,68442,28490,41099,53376,91156,54018,148367,93102,53331
,,,,4833,68442,28490,41099,53376,91156,54018,148367,93102,53331
,,,,4834,68442,28490,41099,53376,91156,54018,148367,93102,53331
,,,,4835,68442,28490,41099,53376,91156,54018,148367,93102,53331
,,,,4836,68442,28490,41099,53376,91156,54018,148367,93102,53331
,,,,4837,68442,28490,41099,53376,91156,54018,148367,93102,53331
,,,,4838,68442,28490,41099,53376,91156,54018,148367,93102,53331
,,,,4839,68442,28490,41099,53376,91156,54018,148367,93102,53331
,,,,4840,68442,28490,41099,53376,91156,54018,148367,93102,53331
,,,,4841,68442,28490,41099,53376,91156,54018,148367,93102,53331
,,,,4842,68442,28490,41099,53376,91156,54018,148367,93102,53331
,,,,4843,68442,28490,41099,53376,91156,54018,148367,93102,53331
,,,,4844,68442,28490,41099,53376,91156,54018,148367,93102,53331
,,,,4845,68442,28490,41099,53376,91156,54018,148367,93102,53331
,,,,4846,68442,28490,41099,53376,91156,54018,148367,93102,53331
,,,,4847,68442,28490,41099,53376,91156,54018,148367,93102,53331
,,,,4848,68442,28490,41099,53376,91156,54018,148367,93102,53331
,,,,4849,68442,28490,41099,53376,91156,54018,148367,93102,53331
,,,,4850,68442,28490,41099,53376,91156,54018,148367,93102,53331
,,,,4851,68442,28490,41099,53376,91156,54018,148367,93102,53331
,,,,4852,68442,28490,41099,53376,91156,54018,148367,93102,53331
,,,,4853,68442,28490,41099,53376,91156,54018,148367,93102,53331
,,,,4854,68442,28490,41099,53376,91156,54018,148367,93102,53331
,,,,4855,68442,28490,41099,53376,91156,54018,148367,93102,53331
,,,,4856,68442,28490,41099,53376,91156,54018,148367,93102,53331
,,,,4857,68442,28490,41099,53376,91156,54018,148367,93102,53331
,,,,4858,68442,28490,41099,53376,91156,54018,148367,93102,53331
,,,,4859,68442,28490,41099,53376,91156,54018,148367,93102,53331
,,,,4860,68442,28490,41099,53376,91156,54018,148367,93102,53331
,,,,4861,68442,28490,41099,53376,91156,54018,148367,93102,53331
,,,,4862,68442,28490,41099,53376,91156,54018,148367,93102,53331
,,,,4863,68442,28490,41099,53376,91156,54018,148367,93102,53331
,,,,4864,68442,28490,41099,53376,91156,54018,148367,93102,53331
,,,,4865,68442,28490,41099,53376,91156,54018,148367,93102,53331
,,,,4866,68442,28490,41099,53376,91156,54018,148367,93102,53331
,,,,4867,68442,28490,41099,53376,91156,54018,148367,93102,53331
,,,,4868,68442,28490,41099,53376,91156,54018,148367,93102,53331
,,,,4869,68442,28490,41099,53376,91156,54018,148367,93102,53331
,,,,4870,68442,28490,41099,53376,91156,54018,148367,93102,53331
,,,,4871,68442,28490,41099,53376,91156,54018,148367,93102,53331
,,,,4872,68442,28490,41099,53376,91156,54018,148367,93102,53331
,,,,4873,68442,28490,41099,53376,91156,54018,148367,93102,53331
,,,,4874,68442,28490,41099,53376,91156,54018,148367,93102,53331
,,,,4875,68442,28490,41099,53376,91156,54018,148367,93102,53331
,,,,4876,68442,28490,41099,53376,91156,54018,148367,93102,53331
,,,,4877,68442,28490,41099,53376,91156,54018,148367,93102,53331
,,,,4878,68442,28490,41099,53376,91156,54018,148367,93102,53331
,,,,4879,68442,28490,41099,53376,91156,54018,148367,93102,53331
,,,,4880,68442,28490,41099,53376,91156,54018,148367,93102,53331
,,,,4881,68442,28490,41099,53376,91156,54018,148367,93102,53331
,,,,4882,68442,28490,41099,53376,91156,54018,148367,93102,53331
,,,,4883,68442,28490,41099,53376,91156,54018,148367,93102,53331
,,,,4884,68442,28490,41099,53376,91156,54018,148367,93102,53331
,,,,4885,68442,28490,41099,53376,91156,54018,148367,93102,53331
,,,,4886,68442,28490,41099,53376,91156,54018,148367,93102,53331
,,,,4887,68442,28490,41099,53376,91156,54018,148367,93102,53331
,,,,4888,68442,28490,41099,53376,91156,54018,148367,93102,53331
,,,,4889,68442,28490,41099,53376,91156,54018,148367,93102,53331
,,,,4890,68442,28490,41099,53376,91156,54018,148367,93102,53331
,,,,4891,68442,28490,41099,53376,91156,54018,148367,93102,53331
,,,,4892,68442,28490,41099,53376,91156,54018,148367,93102,53331
,,,,4893,68442,28490,41099,53376,91156,54018,148367,93102,53331
,,,,4894,68442,28490,41099,53376,91156,54018,148367,93102,53331
,,,,4895,68442,28490,41099,53376,91156,54018,148367,93102,53331
,,,,4896,68442,28490,41099,53376,91156,54018,148367,93102,53331
,,,,4897,68442,28490,41099,53376,91156,54018,148367,93102,53331
,,,,4898,68442,28490,41099,53376,91156,54018,148367,93102,53331
,,,,4899,68442,28490,41099,53376,91156,54018,148367,93102,53331
,,,,4900,68442,28490,41099,53376,91156,54018,148367,93102,53331
,,,,4901,68442,28490,41099,53376,91156,54018,148367,93102,53331
,,,,4902,68442,28490,41099,53376,91156,54018,148367,93102,53331
,,,,4903,68442,28490,41099,53376,91156,54018,148367,93102,53331
,,,,4904,68442,28490,41099,53376,91156,54018,148367,93102,53331
,,,,4905,68442,28490,41099,53376,91156,54018,148367,93102,53331
,,,,4906,68442,28490,41099,53376,91156,54018,148367,93102,53331
,,,,4907,68442,28490,41099,53376,91156,54018,148367,93102,53331
,,,,4908,68442,28490,41099,53376,91156,54018,148367,93102,53331
,,,,4909,68442,28490,41099,53376,91156,54018,148367,93102,53331
,,,,4910,68442,28490,41099,53376,91156,54018,148367,93102,53331
,,,,4911,68442,28490,41099,53376,91156,54018,148367,93102,53331
,,,,4912,68442,28490,41099,53376,91156,54018,148367,93102,53331
,,,,4913,68442,28490,41099,53376,91156,54018,148367,93102,53331
,,,,4914,68442,28490,41099,53376,91156,54018,148367,93102,53331
,,,,4915,68442,28490,41099,53376,91156,54018,148367,93102,53331
,,,,4916,68442,28490,41099,53376,91156,54018,148367,93102,53331
,,,,4917,68442,28490,41099,53376,91156,54018,148367,93102,53331
,,,,4918,68442,28490,41099,53376,91156,54018,148367,93102,53331
,,,,4919,68442,28490,41099,53376,91156,54018,148367,93102,53331
,,,,4920,68442,28490,41099,53376,91156,54018,148367,93102,53331
,,,,4921,68442,28490,41099,53376,91156,54018,148367,93102,53331
,,,,4922,68442,28490,41099,53376,91156,54018,148367,93102,53331
,,,,4923,68442,28490,41099,53376,91156,54018,148367,93102,53331
,,,,4924,68442,28490,41099,53376,91156,54018,148367,93102,53331
,,,,4925,68442,28490,41099,53376,91156,54018,148367,93102,53331
,,,,4926,68442,28490,41099,53376,91156,54018,148367,93102,53331
,,,,4927,68442,28490,41099,53376,91156,54018,148367,93102,53331
,,,,4928,68442,28490,41099,53376,91156,54018,148367,93102,53331
,,,,4929,68442,28490,41099,53376,91156,54018,148367,93102,53331
,,,,4930,68442,28490,41099,53376,91156,54018,148367,93102,53331
,,,,4931,68442,28490,41099,53376,91156,54018,148367,93102,53331
,,,,4932,68442,28490,41099,53376,91156,54018,148367,93102,53331
,,,,4933,68442,28490,41099,53376,91156,54018,148367,93102,53331
,,,,4934,68442,28490,41099,53376,91156,54018,148367,93102,53331
,,,,4935,68442,28490,41099,53376,91156,54018,148367,93102,53331
,,,,4936,68442,28490,41099,53376,91156,54018,148367,93102,53331
,,,,4937,68442,28490,41099,53376,91156,54018,148367,93102,53331
,,,,4938,68442,28490,41099,53376,91156,54018,148367,93102,53331
,,,,4939,68442,28490,41099,53376,91156,54018,148367,93102,53331
,,,,4940,68442,28490,41099,53376,91156,54018,148367,93102,53331
,,,,4941,68442,28490,41099,53376,91156,54018,148367,93102,53331
,,,,4942,68442,28490,41099,53376,91156,54018,148367,93102,53331
,,,,4943,68442,28490,41099,53376,91156,54018,148367,93102,53331
,,,,4944,68442,28490,41099,53376,91156,54018,148367,93102,53331
,,,,4945,68442,28490,41099,53376,91156,54018,148367,93102,53331
,,,,4946,68442,28490,41099,53376,91156,54018,148367,93102,53331
,,,,4947,68442,28490,41099,53376,91156,54018,148367,93102,53331
,,,,4948,68442,28490,41099,53376,91156,54018,148367,93102,53331
,,,,4949,68442,28490,41099,53376,91156,54018,148367,93102,53331
,,,,4950,68442,28490,41099,53376,91156,54018,148367,93102,53331
,,,,4951,68442,28490,41099,53376,91156,54018,148367,93102,53331
,,,,4952,68442,28490,41099,53376,91156,54018,148367,93102,53331
,,,,4953,68442,28490,41099,53376,91156,54018,148367,93102,53331
,,,,4954,68442,28490,41099,53376,91156,54018,148367,93102,53331
,,,,4955,68442,28490,41099,53376,91156,54018,148367,93102,53331
,,,,4956,68442,28490,41099,53376,91156,54018,148367,93102,53331
,,,,4957,68442,28490,41099,53376,91156,54018,148367,93102,53331
,,,,4958,68442,28490,41099,53376,91156,54018,148367,93102,53331
,,,,4959,68442,28490,41099,53376,91156,54018,148367,93102,53331
,,,,4960,68442,28490,41099,53376,91156,54018,148367,93102,53331
,,,,4961,68442,28490,41099,53376,91156,54018,148367,93102,53331
,,,,4962,68442,28490,41099,53376,91156,54018,148367,93102,53331
,,,,4963,68442,28490,41099,53376,91156,54018,148367,93102,53331
,,,,4964,68442,28490,41099,53376,91156,54018,148367,93102,53331
,,,,4965,68442,28490,41099,53376,91156,54018,148367,93102,53331
,,,,4966,68442,28490,41099,53376,91156,54018,148367,93102,53331
,,,,4967,68442,28490,41099,53376,91156,54018,148367,93102,53331
,,,,4968,68442,28490,41099,53376,91156,54018,148367,93102,53331
,,,,4969,68442,28490,41099,53376,91156,54018,148367,93102,53331
,,,,4970,68442,28490,41099,53376,91156,54018,148367,93102,53331
,,,,4971,68442,28490,41099,53376,91156,54018,148367,93102,53331
,,,,4972,68442,28490,41099,53376,91156,54018,148367,93102,53331
,,,,4973,68442,28490,41099,53376,91156,54018,148367,93102,53331
,,,,4974,68442,28490,41099,53376,91156,54018,148367,93102,53331
,,,,4975,68442,28490,41099,53376,91156,54018,148367,93102,53331
,,,,4976,68442,28490,41099,53376,91156,54018,148367,93102,53331
,,,,4977,68442,28490,41099,53376,91156,54018,148367,93102,53331
,,,,4978,68442,28490,41099,53376,91156,54018,148367,93102,53331
,,,,4979,68442,28490,41099,53376,91156,54018,148367,93102,53331
,,,,4980,68442,28490,41099,53376,91156,54018,148367,93102,53331
,,,,4981,68442,28490,41099,53376,91156,54018,148367,93102,53331
,,,,4982,68442,28490,41099,53376,91156,54018,148367,93102,53331
,,,,4983,68442,28490,41099,53376,91156,54018,148367,93102,53331
,,,,4984,68442,28490,41099,53376,91156,54018,148367,93102,53331
,,,,4985,68442,28490,41099,53376,91156,54018,148367,93102,53331
,,,,4986,68442,28490,41099,53376,91156,54018,148367,93102,53331
,,,,4987,68442,28490,41099,53376,91156,54018,148367,93102,53331
,,,,4988,68442,28490,41099,53376,91156,54018,148367,93102,53331
,,,,4989,68442,28490,41099,53376,91156,54018,148367,93102,53331
,,,,4990,68442,28490,41099,53376,91156,54018,148367,93102,53331
,,,,4991,68442,28490,41099,53376,91156,54018,148367,93102,53331
,,,,4992,68442,28490,41099,53376,91156,54018,148367,93102,53331
,,,,4993,68442,28490,41099,53376,91156,54018,148367,93102,53331
,,,,4994,68442,28490,41099,53376,91156,54018,148367,93102,53331
,,,,4995,68442,28490,41099,53376,91156,54018,148367,93102,53331
,,,,4996,68442,28490,41099,53376,91156,54018,148367,93102,53331
,,,,4997,68442,28490,41099,53376,91156,54018,148367,93102,53331
,,,,4998,68442,28490,41099,53376,91156,54018,148367,93102,53331
,,,,4999,68442,28490,41099,53376,91156,54018,148367,93102,53331
,,,,5000,68442,28490,41099,53376,91156,54018,148367,93102,53331
,,,,5001,68442,28490,41099,53376,91156,54018,148367,93102,53331
,,,,5002,68442,28490,41099,53376,91156,54018,148367,93102,53331
,,,,5003,68442,28490,41099,53376,91156,54018,148367,93102,53331
,,,,5004,68442,28490,41099,53376,91156,54018,148367,93102,53331
,,,,5005,68442,28490,41099,53376,91156,54018,148367,93102,53331
,,,,5006,68442,28490,41099,53376,91156,54018,148367,93102,53331
,,,,5007,68442,28490,41099,53376,91156,54018,148367,93102,53331
,,,,5008,68442,28490,41099,53376,91156,54018,148367,93102,53331
,,,,5009,68442,28490,41099,53376,91156,54018,148367,93102,53331
,,,,5010,68442,28490,41099,53376,91156,54018,148367,93102,53331
,,,,5011,68442,28490,41099,53376,91156,54018,148367,93102,53331
,,,,5012,68442,28490,41099,53376,91156,54018,148367,93102,53331
,,,,5013,68442,28490,41099,53376,91156,54018,148367,93102,53331
,,,,5014,68442,28490,41099,53376,91156,54018,148367,93102,53331
,,,,5015,68442,28490,41099,53376,91156,54018,148367,93102,53331
,,,,5016,68442,28490,41099,53376,91156,54018,148367,93102,53331
,,,,5017,68442,28490,41099,53376,91156,54018,148367,93102,53331
,,,,5018,68442,28490,41099,53376,91156,54018,148367,93102,53331
,,,,5019,68442,28490,41099,53376,91156,54018,148367,93102,53331
,,,,5020,68442,28490,41099,53376,91156,54018,148367,93102,53331
,,,,5021,68442,28490,41099,53376,91156,54018,148367,93102,53331
,,,,5022,68442,28490,41099,53376,91156,54018,148367,93102,53331
,,,,5023,68442,28490,41099,53376,91156,54018,148367,93102,53331
,,,,5024,68442,28490,41099,53376,91156,54018,148367,93102,53331
,,,,5025,68442,28490,41099,53376,91156,54018,148367,93102,53331
,,,,5026,68442,28490,41099,53376,91156,54018,148367,93102,53331
,,,,5027,68442,28490,41099,53376,91156,54018,148367,93102,53331
,,,,5028,68442,28490,41099,53376,91156,54018,148367,93102,53331
,,,,5029,68442,28490,41099,53376,91156,54018,148367,93102,53331
,,,,5030,68442,28490,41099,53376,91156,54018,148367,93102,53331
,,,,5031,68442,28490,41099,53376,91156,54018,148367,93102,53331
,,,,5032,68442,28490,41099,53376,91156,54018,148367,93102,53331
,,,,5033,68442,28490,41099,53376,91156,54018,148367,93102,53331
,,,,5034,68442,28490,41099,53376,91156,54018,148367,93102,53331
,,,,5035,68442,28490,41099,53376,91156,54018,148367,93102,53331
,,,,5036,68442,28490,41099,53376,91156,54018,148367,93102,53331
,,,,5037,68442,28490,41099,53376,91156,54018,148367,93102,53331
,,,,5038,68442,28490,41099,53376,91156,54018,148367,93102,53331
,,,,5039,68442,28490,41099,53376,91156,54018,148367,93102,53331
,,,,5040,68442,28490,41099,53376,91156,54018,148367,93102,53331
,,,,5041,68442,28490,41099,53376,91156,54018,148367,93102,53331
,,,,5042,68442,28490,41099,53376,91156,54018,148367,93102,53331
,,,,5043,68442,28490,41099,53376,91156,54018,148367,93102,53331
,,,,5044,68442,28490,41099,53376,91156,54018,148367,93102,53331
,,,,5045,68442,28490,41099,53376,91156,54018,148367,93102,53331
,,,,5046,68442,28490,41099,53376,91156,54018,148367,93102,53331
,,,,5047,68442,28490,41099,53376,91156,54018,148367,93102,53331
,,,,5048,68442,28490,41099,53376,91156,54018,148367,93102,53331
,,,,5049,68442,28490,41099,53376,91156,54018,148367,93102,53331
,,,,5050,68442,28490,41099,53376,91156,54018,148367,93102,53331
,,,,5051,68442,28490,41099,53376,91156,54018,148367,93102,53331
,,,,5052,68442,28490,41099,53376,91156,54018,148367,93102,53331
,,,,5053,68442,28490,41099,53376,91156,54018,148367,93102,53331
,,,,5054,68442,28490,41099,53376,91156,54018,148367,93102,53331
,,,,5055,68442,28490,41099,53376,91156,54018,148367,93102,53331
,,,,5056,68442,28490,41099,53376,91156,54018,148367,93102,53331
,,,,5057,68442,28490,41099,53376,91156,54018,148367,93102,53331
,,,,5058,68442,28490,41099,53376,91156,54018,148367,93102,53331
,,,,5059,68442,28490,41099,53376,91156,54018,148367,93102,53331
,,,,5060,68442,28490,41099,53376,91156,54018,148367,93102,53331
,,,,5061,68442,28490,41099,53376,91156,54018,148367,93102,53331
,,,,5062,68442,28490,41099,53376,91156,54018,148367,93102,53331
,,,,5063,68442,28490,41099,53376,91156,54018,148367,93102,53331
,,,,5064,68442,28490,41099,53376,91156,54018,148367,93102,53331
,,,,5065,68442,28490,41099,53376,91156,54018,148367,93102,53331
,,,,5066,68442,28490,41099,53376,91156,54018,148367,93102,53331
,,,,5067,68442,28490,41099,53376,91156,54018,148367,93102,53331
,,,,5068,68442,28490,41099,53376,91156,54018,148367,93102,53331
,,,,5069,68442,28490,41099,53376,91156,54018,148367,93102,53331
,,,,5070,68442,28490,41099,53376,91156,54018,148367,93102,53331
,,,,5071,68442,28490,41099,53376,91156,54018,148367,93102,53331
,,,,5072,68442,28490,41099,53376,91156,54018,148367,93102,53331
,,,,5073,68442,28490,41099,53376,91156,54018,148367,93102,53331
,,,,5074,68442,28490,41099,53376,91156,54018,148367,93102,53331
,,,,5075,68442,28490,41099,53376,91156,54018,148367,93102,53331
,,,,5076,68442,28490,41099,53376,91156,54018,148367,93102,53331
,,,,5077,68442,28490,41099,53376,91156,54018,148367,93102,53331
,,,,5078,68442,28490,41099,53376,91156,54018,148367,93102,53331
,,,,5079,68442,28490,41099,53376,91156,54018,148367,93102,53331
,,,,5080,68442,28490,41099,53376,91156,54018,148367,93102,53331
,,,,5081,68442,28490,41099,53376,91156,54018,148367,93102,53331
,,,,5082,68442,28490,41099,53376,91156,54018,148367,93102,53331
,,,,5083,68442,28490,41099,53376,91156,54018,148367,93102,53331
,,,,5084,68442,28490,41099,53376,91156,54018,148367,93102,53331
,,,,5085,68442,28490,41099,53376,91156,54018,148367,93102,53331
,,,,5086,68442,28490,41099,53376,91156,54018,148367,93102,53331
,,,,5087,68442,28490,41099,53376,91156,54018,148367,93102,53331
,,,,5088,68442,28490,41099,53376,91156,54018,148367,93102,53331
,,,,5089,68442,28490,41099,53376,91156,54018,148367,93102,53331
,,,,5090,68442,28490,41099,53376,91156,54018,148367,93102,53331
,,,,5091,68442,28490,41099,53376,91156,54018,148367,93102,53331
,,,,5092,68442,28490,41099,53376,91156,54018,148367,93102,53331
,,,,5093,68442,28490,41099,53376,91156,54018,148367,93102,53331
,,,,5094,68442,28490,41099,53376,91156,54018,148367,93102,53331
,,,,5095,68442,28490,41099,53376,91156,54018,148367,93102,53331
,,,,5096,68442,28490,41099,53376,91156,54018,148367,93102,53331
,,,,5097,68442,28490,41099,53376,91156,54018,148367,93102,53331
,,,,5098,68442,28490,41099,53376,91156,54018,148367,93102,53331
,,,,5099,68442,28490,41099,53376,91156,54018,148367,93102,53331
,,,,5100,68442,28490,41099,53376,91156,54018,148367,93102,53331
,,,,5101,68442,28490,41099,53376,91156,54018,148367,93102,53331
,,,,5102,68442,28490,41099,53376,91156,54018,148367,93102,53331
,,,,5103,68442,28490,41099,53376,91156,54018,148367,93102,53331
,,,,5104,68442,28490,41099,53376,91156,54018,148367,93102,53331
,,,,5105,68442,28490,41099,53376,91156,54018,148367,93102,53331
,,,,5106,68442,28490,41099,53376,91156,54018,148367,93102,53331
,,,,5107,68442,28490,41099,53376,91156,54018,148367,93102,53331
,,,,5108,68442,28490,41099,53376,91156,54018,148367,93102,53331
,,,,5109,68442,28490,41099,53376,91156,54018,148367,93102,53331
,,,,5110,68442,28490,41099,53376,91156,54018,148367,93102,53331
,,,,5111,68442,28490,41099,53376,91156,54018,148367,93102,53331
,,,,5112,68442,28490,41099,53376,91156,54018,148367,93102,53331
,,,,5113,68442,28490,41099,53376,91156,54018,148367,93102,53331
,,,,5114,68442,28490,41099,53376,91156,54018,148367,93102,53331
,,,,5115,68442,28490,41099,53376,91156,54018,148367,93102,53331
,,,,5116,68442,28490,41099,53376,91156,54018,148367,93102,53331
,,,,5117,68442,28490,41099,53376,91156,54018,148367,93102,53331
,,,,5118,68442,28490,41099,53376,91156,54018,148367,93102,53331
,,,,5119,68442,28490,41099,53376,91156,54018,148367,93102,53331
,,,,5120,68442,28490,41099,53376,91156,54018,148367,93102,53331
,,,,5121,68442,28490,41099,53376,91156,54018,148367,93102,53331
,,,,5122,68442,28490,41099,53376,91156,54018,148367,93102,53331
,,,,5123,68442,28490,41099,53376,91156,54018,148367,93102,53331
,,,,5124,68442,28490,41099,53376,91156,54018,148367,93102,53331
,,,,5125,68442,28490,41099,53376,91156,54018,148367,93102,53331
,,,,5126,68442,28490,41099,53376,91156,54018,148367,93102,53331
,,,,5127,68442,28490,41099,53376,91156,54018,148367,93102,53331
,,,,5128,68442,28490,41099,53376,91156,54018,148367,93102,53331
,,,,5129,68442,28490,41099,53376,91156,54018,148367,93102,53331
,,,,5130,68442,28490,41099,53376,91156,54018,148367,93102,53331
,,,,5131,68442,28490,41099,53376,91156,54018,148367,93102,53331
,,,,5132,68442,28490,41099,53376,91156,54018,148367,93102,53331
,,,,5133,68442,28490,41099,53376,91156,54018,148367,93102,53331
,,,,5134,68442,28490,41099,53376,91156,54018,148367,93102,53331
,,,,5135,68442,28490,41099,53376,91156,54018,148367,93102,53331
,,,,5136,68442,28490,41099,53376,91156,54018,148367,93102,53331
,,,,5137,68442,28490,41099,53376,91156,54018,148367,93102,53331
,,,,5138,68442,28490,41099,53376,91156,54018,148367,93102,53331
,,,,5139,68442,28490,41099,53376,91156,54018,148367,93102,53331
,,,,5140,68442,28490,41099,53376,91156,54018,148367,93102,53331
,,,,5141,68442,28490,41099,53376,91156,54018,148367,93102,53331
,,,,5142,68442,28490,41099,53376,91156,54018,148367,93102,53331
,,,,5143,68442,28490,41099,53376,91156,54018,148367,93102,53331
,,,,5144,68442,28490,41099,53376,91156,54018,148367,93102,53331
,,,,5145,68442,28490,41099,53376,91156,54018,148367,93102,53331
,,,,5146,68442,28490,41099,53376,91156,54018,148367,93102,53331
,,,,5147,68442,28490,41099,53376,91156,54018,148367,93102,53331
,,,,5148,68442,28490,41099,53376,91156,54018,148367,93102,53331
,,,,5149,68442,28490,41099,53376,91156,54018,148367,93102,53331
,,,,5150,68442,28490,41099,53376,91156,54018,148367,93102,53331
,,,,5151,68442,28490,41099,53376,91156,54018,148367,93102,53331
,,,,5152,68442,28490,41099,53376,91156,54018,148367,93102,53331
,,,,5153,68442,28490,41099,53376,91156,54018,148367,93102,53331
,,,,5154,68442,28490,41099,53376,91156,54018,148367,93102,53331
,,,,5155,68442,28490,41099,53376,91156,54018,148367,93102,53331
,,,,5156,68442,28490,41099,53376,91156,54018,148367,93102,53331
,,,,5157,68442,28490,41099,53376,91156,54018,148367,93102,53331
,,,,5158,68442,28490,41099,53376,91156,54018,148367,93102,53331
,,,,5159,68442,28490,41099,53376,91156,54018,148367,93102,53331
,,,,5160,68442,28490,41099,53376,91156,54018,148367,93102,53331
,,,,5161,68442,28490,41099,53376,91156,54018,148367,93102,53331
,,,,5162,68442,28490,41099,53376,91156,54018,148367,93102,53331
,,,,5163,68442,28490,41099,53376,91156,54018,148367,93102,53331
,,,,5164,68442,28490,41099,53376,91156,54018,148367,93102,53331
,,,,5165,68442,28490,41099,53376,91156,54018,148367,93102,53331
,,,,5166,68442,28490,41099,53376,91156,54018,148367,93102,53331
,,,,5167,68442,28490,41099,53376,91156,54018,148367,93102,53331
,,,,5168,68442,28490,41099,53376,91156,54018,148367,93102,53331
,,,,5169,68442,28490,41099,53376,91156,54018,148367,93102,53331
,,,,5170,68442,28490,41099,53376,91156,54018,148367,93102,53331
,,,,5171,68442,28490,41099,53376,91156,54018,148367,93102,53331
,,,,5172,68442,28490,41099,53376,91156,54018,148367,93102,53331
,,,,5173,68442,28490,41099,53376,91156,54018,148367,93102,53331
,,,,5174,68442,28490,41099,53376,91156,54018,148367,93102,53331
,,,,5175,68442,28490,41099,53376,91156,54018,148367,93102,53331
,,,,5176,68442,28490,41099,53376,91156,54018,148367,93102,53331
,,,,5177,68442,28490,41099,53376,91156,54018,148367,93102,53331
,,,,5178,68442,28490,41099,53376,91156,54018,148367,93102,53331
,,,,5179,68442,28490,41099,53376,91156,54018,148367,93102,53331
,,,,5180,68442,28490,41099,53376,91156,54018,148367,93102,53331
,,,,5181,68442,28490,41099,53376,91156,54018,148367,93102,53331
,,,,5182,68442,28490,41099,53376,91156,54018,148367,93102,53331
,,,,5183,68442,28490,41099,53376,91156,54018,148367,93102,53331
,,,,5184,68442,28490,41099,53376,91156,54018,148367,93102,53331
,,,,5185,68442,28490,41099,53376,91156,54018,148367,93102,53331
,,,,5186,68442,28490,41099,53376,91156,54018,148367,93102,53331
,,,,5187,68442,28490,41099,53376,91156,54018,148367,93102,53331
,,,,5188,68442,28490,41099,53376,91156,54018,148367,93102,53331
,,,,5189,68442,28490,41099,53376,91156,54018,148367,93102,53331
,,,,5190,68442,28490,41099,53376,91156,54018,148367,93102,53331
,,,,5191,68442,28490,41099,53376,91156,54018,148367,93102,53331
,,,,5192,68442,28490,41099,53376,91156,54018,148367,93102,53331
,,,,5193,68442,28490,41099,53376,91156,54018,148367,93102,53331
,,,,5194,68442,28490,41099,53376,91156,54018,148367,93102,53331
,,,,5195,68442,28490,41099,53376,91156,54018,148367,93102,53331
,,,,5196,68442,28490,41099,53376,91156,54018,148367,93102,53331
,,,,5197,68442,28490,41099,53376,91156,54018,148367,93102,53331
,,,,5198,68442,28490,41099,53376,91156,54018,148367,93102,53331
,,,,5199,68442,28490,41099,53376,91156,54018,148367,93102,53331
,,,,5200,68442,28490,41099,53376,91156,54018,148367,93102,53331
,,,,5201,68442,28490,41099,53376,91156,54018,148367,93102,53331
,,,,5202,68442,28490,41099,53376,91156,54018,148367,93102,53331
,,,,5203,68442,28490,41099,53376,91156,54018,148367,93102,53331
,,,,5204,68442,28490,41099,53376,91156,54018,148367,93102,53331
,,,,5205,68442,28490,41099,53376,91156,54018,148367,93102,53331
,,,,5206,68442,28490,41099,53376,91156,54018,148367,93102,53331
,,,,5207,68442,28490,41099,53376,91156,54018,148367,93102,53331
,,,,5208,68442,28490,41099,53376,91156,54018,148367,93102,53331
,,,,5209,68442,28490,41099,53376,91156,54018,148367,93102,53331
,,,,5210,68442,28490,41099,53376,91156,54018,148367,93102,53331
,,,,5211,68442,28490,41099,53376,91156,54018,148367,93102,53331
,,,,5212,68442,28490,41099,53376,91156,54018,148367,93102,53331
,,,,5213,68442,28490,41099,53376,91156,54018,148367,93102,53331
,,,,5214,68442,28490,41099,53376,91156,54018,148367,93102,53331
,,,,5215,68442,28490,41099,53376,91156,54018,148367,93102,53331
,,,,5216,68442,28490,41099,53376,91156,54018,148367,93102,53331
,,,,5217,68442,28490,41099,53376,91156,54018,148367,93102,53331
,,,,5218,68442,28490,41099,53376,91156,54018,148367,93102,53331
,,,,5219,68442,28490,41099,53376,91156,54018,148367,93102,53331
,,,,5220,68442,28490,41099,53376,91156,54018,148367,93102,53331
,,,,5221,68442,28490,41099,53376,91156,54018,148367,93102,53331
,,,,5222,68442,28490,41099,53376,91156,54018,148367,93102,53331
,,,,5223,68442,28490,41099,53376,91156,54018,148367,93102,53331
,,,,5224,68442,28490,41099,53376,91156,54018,148367,93102,53331
,,,,5225,68442,28490,41099,53376,91156,54018,148367,93102,53331
,,,,5226,68442,28490,41099,53376,91156,54018,148367,93102,53331
,,,,5227,68442,28490,41099,53376,91156,54018,148367,93102,53331
,,,,5228,68442,28490,41099,53376,91156,54018,148367,93102,53331
,,,,5229,68442,28490,41099,53376,91156,54018,148367,93102,53331
,,,,5230,68442,28490,41099,53376,91156,54018,148367,93102,53331
,,,,5231,68442,28490,41099,53376,91156,54018,148367,93102,53331
,,,,5232,68442,28490,41099,53376,91156,54018,148367,93102,53331
,,,,5233,68442,28490,41099,53376,91156,54018,148367,93102,53331
,,,,5234,68442,28490,41099,53376,91156,54018,148367,93102,53331
,,,,5235,68442,28490,41099,53376,91156,54018,148367,93102,53331
,,,,5236,68442,28490,41099,53376,91156,54018,148367,93102,53331
,,,,5237,68442,28490,41099,53376,91156,54018,148367,93102,53331
,,,,5238,68442,28490,41099,53376,91156,54018,148367,93102,53331
,,,,5239,68442,28490,41099,53376,91156,54018,148367,93102,53331
,,,,5240,68442,28490,41099,53376,91156,54018,148367,93102,53331
,,,,5241,68442,28490,41099,53376,91156,54018,148367,93102,53331
,,,,5242,68442,28490,41099,53376,91156,54018,148367,93102,53331
,,,,5243,68442,28490,41099,53376,91156,54018,148367,93102,53331
,,,,5244,68442,28490,41099,53376,91156,54018,148367,93102,53331
,,,,5245,68442,28490,41099,53376,91156,54018,148367,93102,53331
,,,,5246,68442,28490,41099,53376,91156,54018,148367,93102,53331
,,,,5247,68442,28490,41099,53376,91156,54018,148367,93102,53331
,,,,5248,68442,28490,41099,53376,91156,54018,148367,93102,53331
,,,,5249,68442,28490,41099,53376,91156,54018,148367,93102,53331
,,,,5250,68442,28490,41099,53376,91156,54018,148367,93102,53331
,,,,5251,68442,28490,41099,53376,91156,54018,148367,93102,53331
,,,,5252,68442,28490,41099,53376,91156,54018,148367,93102,53331
,,,,5253,68442,28490,41099,53376,91156,54018,148367,93102,53331
,,,,5254,68442,28490,41099,53376,91156,54018,148367,93102,53331
,,,,5255,68442,28490,41099,53376,91156,54018,148367,93102,53331
,,,,5256,68442,28490,41099,53376,91156,54018,148367,93102,53331
,,,,5257,68442,28490,41099,53376,91156,54018,148367,93102,53331
,,,,5258,68442,28490,41099,53376,91156,54018,148367,93102,53331
,,,,5259,68442,28490,41099,53376,91156,54018,148367,93102,53331
,,,,5260,68442,28490,41099,53376,91156,54018,148367,93102,53331
,,,,5261,68442,28490,41099,53376,91156,54018,148367,93102,53331
,,,,5262,68442,28490,41099,53376,91156,54018,148367,93102,53331
,,,,5263,68442,28490,41099,53376,91156,54018,148367,93102,53331
,,,,5264,68442,28490,41099,53376,91156,54018,148367,93102,53331
,,,,5265,68442,28490,41099,53376,91156,54018,148367,93102,53331
,,,,5266,68442,28490,41099,53376,91156,54018,148367,93102,53331
,,,,5267,68442,28490,41099,53376,91156,54018,148367,93102,53331
,,,,5268,68442,28490,41099,53376,91156,54018,148367,93102,53331
,,,,5269,68442,28490,41099,53376,91156,54018,148367,93102,53331
,,,,5270,68442,28490,41099,53376,91156,54018,148367,93102,53331
,,,,5271,68442,28490,41099,53376,91156,54018,148367,93102,53331
,,,,5272,68442,28490,41099,53376,91156,54018,148367,93102,53331
,,,,5273,68442,28490,41099,53376,91156,54018,148367,93102,53331
,,,,5274,68442,28490,41099,53376,91156,54018,148367,93102,53331
,,,,5275,68442,28490,41099,53376,91156,54018,148367,93102,53331
,,,,5276,68442,28490,41099,53376,91156,54018,148367,93102,53331
,,,,5277,68442,28490,41099,53376,91156,54018,148367,93102,53331
,,,,5278,68442,28490,41099,53376,91156,54018,148367,93102,53331
,,,,5279,68442,28490,41099,53376,91156,54018,148367,93102,53331
,,,,5280,68442,28490,41099,53376,91156,54018,148367,93102,53331
,,,,5281,68442,28490,41099,53376,91156,54018,148367,93102,53331
,,,,5282,68442,28490,41099,53376,91156,54018,148367,93102,53331
,,,,5283,68442,28490,41099,53376,91156,54018,148367,93102,53331
,,,,5284,68442,28490,41099,53376,91156,54018,148367,93102,53331
,,,,5285,68442,28490,41099,53376,91156,54018,148367,93102,53331
,,,,5286,68442,28490,41099,53376,91156,54018,148367,93102,53331
,,,,5287,68442,28490,41099,53376,91156,54018,148367,93102,53331
,,,,5288,68442,28490,41099,53376,91156,54018,148367,93102,53331
,,,,5289,68442,28490,41099,53376,91156,54018,148367,93102,53331
,,,,5290,68442,28490,41099,53376,91156,54018,148367,93102,53331
,,,,5291,68442,28490,41099,53376,91156,54018,148367,93102,53331
,,,,5292,68442,28490,41099,53376,91156,54018,148367,93102,53331
,,,,5293,68442,28490,41099,53376,91156,54018,148367,93102,53331
,,,,5294,68442,28490,41099,53376,91156,54018,148367,93102,53331
,,,,5295,68442,28490,41099,53376,91156,54018,148367,93102,53331
,,,,5296,68442,28490,41099,53376,91156,54018,148367,93102,53331
,,,,5297,68442,28490,41099,53376,91156,54018,148367,93102,53331
,,,,5298,68442,28490,41099,53376,91156,54018,148367,93102,53331
,,,,5299,68442,28490,41099,53376,91156,54018,148367,93102,53331
,,,,5300,68442,28490,41099,53376,91156,54018,148367,93102,53331
,,,,5301,68442,28490,41099,53376,91156,54018,148367,93102,53331
,,,,5302,68442,28490,41099,53376,91156,54018,148367,93102,53331
,,,,5303,68442,28490,41099,53376,91156,54018,148367,93102,53331
,,,,5304,68442,28490,41099,53376,91156,54018,148367,93102,53331
,,,,5305,68442,28490,41099,53376,91156,54018,148367,93102,53331
,,,,5306,68442,28490,41099,53376,91156,54018,148367,93102,53331
,,,,5307,68442,28490,41099,53376,91156,54018,148367,93102,53331
,,,,5308,68442,28490,41099,53376,91156,54018,148367,93102,53331
,,,,5309,68442,28490,41099,53376,91156,54018,148367,93102,53331
,,,,5310,68442,28490,41099,53376,91156,54018,148367,93102,53331
,,,,5311,68442,28490,41099,53376,91156,54018,148367,93102,53331
,,,,5312,68442,28490,41099,53376,91156,54018,148367,93102,53331
,,,,5313,68442,28490,41099,53376,91156,54018,148367,93102,53331
,,,,5314,68442,28490,41099,53376,91156,54018,148367,93102,53331
,,,,5315,68442,28490,41099,53376,91156,54018,148367,93102,53331
,,,,5316,68442,28490,41099,53376,91156,54018,148367,93102,53331
,,,,5317,68442,28490,41099,53376,91156,54018,148367,93102,53331
,,,,5318,68442,28490,41099,53376,91156,54018,148367,93102,53331
,,,,5319,68442,28490,41099,53376,91156,54018,148367,93102,53331
,,,,5320,68442,28490,41099,53376,91156,54018,148367,93102,53331
,,,,5321,68442,28490,41099,53376,91156,54018,148367,93102,53331
,,,,5322,68442,28490,41099,53376,91156,54018,148367,93102,53331
,,,,5323,68442,28490,41099,53376,91156,54018,148367,93102,53331
,,,,5324,68442,28490,41099,53376,91156,54018,148367,93102,53331
,,,,5325,68442,28490,41099,53376,91156,54018,148367,93102,53331
,,,,5326,68442,28490,41099,53376,91156,54018,148367,93102,53331
,,,,5327,68442,28490,41099,53376,91156,54018,148367,93102,53331
,,,,5328,68442,28490,41099,53376,91156,54018,148367,93102,53331
,,,,5329,68442,28490,41099,53376,91156,54018,148367,93102,53331
,,,,5330,68442,28490,41099,53376,91156,54018,148367,93102,53331
,,,,5331,68442,28490,41099,53376,91156,54018,148367,93102,53331
,,,,5332,68442,28490,41099,53376,91156,54018,148367,93102,53331
,,,,5333,68442,28490,41099,53376,91156,54018,148367,93102,53331
,,,,5334,68442,28490,41099,53376,91156,54018,148367,93102,53331
,,,,5335,68442,28490,41099,53376,91156,54018,148367,93102,53331
,,,,5336,68442,28490,41099,53376,91156,54018,148367,93102,53331
,,,,5337,68442,28490,41099,53376,91156,54018,148367,93102,53331
,,,,5338,68442,28490,41099,53376,91156,54018,148367,93102,53331
,,,,5339,68442,28490,41099,53376,91156,54018,148367,93102,53331
,,,,5340,68442,28490,41099,53376,91156,54018,148367,93102,53331
,,,,5341,68442,28490,41099,53376,91156,54018,148367,93102,53331
,,,,5342,68442,28490,41099,53376,91156,54018,148367,93102,53331
,,,,5343,68442,28490,41099,53376,91156,54018,148367,93102,53331
,,,,5344,68442,28490,41099,53376,91156,54018,148367,93102,53331
,,,,5345,68442,28490,41099,53376,91156,54018,148367,93102,53331
,,,,5346,68442,28490,41099,53376,91156,54018,148367,93102,53331
,,,,5347,68442,28490,41099,53376,91156,54018,148367,93102,53331
,,,,5348,68442,28490,41099,53376,91156,54018,148367,93102,53331
,,,,5349,68442,28490,41099,53376,91156,54018,148367,93102,53331
,,,,5350,68442,28490,41099,53376,91156,54018,148367,93102,53331
,,,,5351,68442,28490,41099,53376,91156,54018,148367,93102,53331
,,,,5352,68442,28490,41099,53376,91156,54018,148367,93102,53331
,,,,5353,68442,28490,41099,53376,91156,54018,148367,93102,53331
,,,,5354,68442,28490,41099,53376,91156,54018,148367,93102,53331
,,,,5355,68442,28490,41099,53376,91156,54018,148367,93102,53331
,,,,5356,68442,28490,41099,53376,91156,54018,148367,93102,53331
,,,,5357,68442,28490,41099,53376,91156,54018,148367,93102,53331
,,,,5358,68442,28490,41099,53376,91156,54018,148367,93102,53331
,,,,5359,68442,28490,41099,53376,91156,54018,148367,93102,53331
,,,,5360,68442,28490,41099,53376,91156,54018,148367,93102,53331
,,,,5361,68442,28490,41099,53376,91156,54018,148367,93102,53331
,,,,5362,68442,28490,41099,53376,91156,54018,148367,93102,53331
,,,,5363,68442,28490,41099,53376,91156,54018,148367,93102,53331
,,,,5364,68442,28490,41099,53376,91156,54018,148367,93102,53331
,,,,5365,68442,28490,41099,53376,91156,54018,148367,93102,53331
,,,,5366,68442,28490,41099,53376,91156,54018,148367,93102,53331
,,,,5367,68442,28490,41099,53376,91156,54018,148367,93102,53331
,,,,5368,68442,28490,41099,53376,91156,54018,148367,93102,53331
,,,,5369,68442,28490,41099,53376,91156,54018,148367,93102,53331
,,,,5370,68442,28490,41099,53376,91156,54018,148367,93102,53331
,,,,5371,68442,28490,41099,53376,91156,54018,148367,93102,53331
,,,,5372,68442,28490,41099,53376,91156,54018,148367,93102,53331
,,,,5373,68442,28490,41099,53376,91156,54018,148367,93102,53331
,,,,5374,68442,28490,41099,53376,91156,54018,148367,93102,53331
,,,,5375,68442,28490,41099,53376,91156,54018,148367,93102,53331
,,,,5376,68442,28490,41099,53376,91156,54018,148367,93102,53331
,,,,5377,68442,28490,41099,53376,91156,54018,148367,93102,53331
,,,,5378,68442,28490,41099,53376,91156,54018,148367,93102,53331
,,,,5379,68442,28490,41099,53376,91156,54018,148367,93102,53331
,,,,5380,68442,28490,41099,53376,91156,54018,148367,93102,53331
,,,,5381,68442,28490,41099,53376,91156,54018,148367,93102,53331
,,,,5382,68442,28490,41099,53376,91156,54018,148367,93102,53331
,,,,5383,68442,28490,41099,53376,91156,54018,148367,93102,53331
,,,,5384,68442,28490,41099,53376,91156,54018,148367,93102,53331
,,,,5385,68442,28490,41099,53376,91156,54018,148367,93102,53331
,,,,5386,68442,28490,41099,53376,91156,54018,148367,93102,53331
,,,,5387,68442,28490,41099,53376,91156,54018,148367,93102,53331
,,,,5388,68442,28490,41099,53376,91156,54018,148367,93102,53331
,,,,5389,68442,28490,41099,53376,91156,54018,148367,93102,53331
,,,,5390,68442,28490,41099,53376,91156,54018,148367,93102,53331
,,,,5391,68442,28490,41099,53376,91156,54018,148367,93102,53331
,,,,5392,68442,28490,41099,53376,91156,54018,148367,93102,53331
,,,,5393,68442,28490,41099,53376,91156,54018,148367,93102,53331
,,,,5394,68442,28490,41099,53376,91156,54018,148367,93102,53331
,,,,5395,68442,28490,41099,53376,91156,54018,148367,93102,53331
,,,,5396,68442,28490,41099,53376,91156,54018,148367,93102,53331
,,,,5397,68442,28490,41099,53376,91156,54018,148367,93102,53331
,,,,5398,68442,28490,41099,53376,91156,54018,148367,93102,53331
,,,,5399,68442,28490,41099,53376,91156,54018,148367,93102,53331
,,,,5400,68442,28490,41099,53376,91156,54018,148367,93102,53331
,,,,5401,68442,28490,41099,53376,91156,54018,148367,93102,53331
,,,,5402,68442,28490,41099,53376,91156,54018,148367,93102,53331
,,,,5403,68442,28490,41099,53376,91156,54018,148367,93102,53331
,,,,5404,68442,28490,41099,53376,91156,54018,148367,93102,53331
,,,,5405,68442,28490,41099,53376,91156,54018,148367,93102,53331
,,,,5406,68442,28490,41099,53376,91156,54018,148367,93102,53331
,,,,5407,68442,28490,41099,53376,91156,54018,148367,93102,53331
,,,,5408,68442,28490,41099,53376,91156,54018,148367,93102,53331
,,,,5409,68442,28490,41099,53376,91156,54018,148367,93102,53331
,,,,5410,68442,28490,41099,53376,91156,54018,148367,93102,53331
,,,,5411,68442,28490,41099,53376,91156,54018,148367,93102,53331
,,,,5412,68442,28490,41099,53376,91156,54018,148367,93102,53331
,,,,5413,68442,28490,41099,53376,91156,54018,148367,93102,53331
,,,,5414,68442,28490,41099,53376,91156,54018,148367,93102,53331
,,,,5415,68442,28490,41099,53376,91156,54018,148367,93102,53331
,,,,5416,68442,28490,41099,53376,91156,54018,148367,93102,53331
,,,,5417,68442,28490,41099,53376,91156,54018,148367,93102,53331
,,,,5418,68442,28490,41099,53376,91156,54018,148367,93102,53331
,,,,5419,68442,28490,41099,53376,91156,54018,148367,93102,53331
,,,,5420,68442,28490,41099,53376,91156,54018,148367,93102,53331
,,,,5421,68442,28490,41099,53376,91156,54018,148367,93102,53331
,,,,5422,68442,28490,41099,53376,91156,54018,148367,93102,53331
,,,,5423,68442,28490,41099,53376,91156,54018,148367,93102,53331
,,,,5424,68442,28490,41099,53376,91156,54018,148367,93102,53331
,,,,5425,68442,28490,41099,53376,91156,54018,148367,93102,53331
,,,,5426,68442,28490,41099,53376,91156,54018,148367,93102,53331
,,,,5427,68442,28490,41099,53376,91156,54018,148367,93102,53331
,,,,5428,68442,28490,41099,53376,91156,54018,148367,93102,53331
,,,,5429,68442,28490,41099,53376,91156,54018,148367,93102,53331
,,,,5430,68442,28490,41099,53376,91156,54018,148367,93102,53331
,,,,5431,68442,28490,41099,53376,91156,54018,148367,93102,53331
,,,,5432,68442,28490,41099,53376,91156,54018,148367,93102,53331
,,,,5433,68442,28490,41099,53376,91156,54018,148367,93102,53331
,,,,5434,68442,28490,41099,53376,91156,54018,148367,93102,53331
,,,,5435,68442,28490,41099,53376,91156,54018,148367,93102,53331
,,,,5436,68442,28490,41099,53376,91156,54018,148367,93102,53331
,,,,5437,68442,28490,41099,53376,91156,54018,148367,93102,53331
,,,,5438,68442,28490,41099,53376,91156,54018,148367,93102,53331
,,,,5439,68442,28490,41099,53376,91156,54018,148367,93102,53331
,,,,5440,68442,28490,41099,53376,91156,54018,148367,93102,53331
,,,,5441,68442,28490,41099,53376,91156,54018,148367,93102,53331
,,,,5442,68442,28490,41099,53376,91156,54018,148367,93102,53331
,,,,5443,68442,28490,41099,53376,91156,54018,148367,93102,53331
,,,,5444,68442,28490,41099,53376,91156,54018,148367,93102,53331
,,,,5445,68442,28490,41099,53376,91156,54018,148367,93102,53331
,,,,5446,68442,28490,41099,53376,91156,54018,148367,93102,53331
,,,,5447,68442,28490,41099,53376,91156,54018,148367,93102,53331
,,,,5448,68442,28490,41099,53376,91156,54018,148367,93102,53331
,,,,5449,68442,28490,41099,53376,91156,54018,148367,93102,53331
,,,,5450,68442,28490,41099,53376,91156,54018,148367,93102,53331
,,,,5451,68442,28490,41099,53376,91156,54018,148367,93102,53331
,,,,5452,68442,28490,41099,53376,91156,54018,148367,93102,53331
,,,,5453,68442,28490,41099,53376,91156,54018,148367,93102,53331
,,,,5454,68442,28490,41099,53376,91156,54018,148367,93102,53331
,,,,5455,68442,28490,41099,53376,91156,54018,148367,93102,53331
,,,,5456,68442,28490,41099,53376,91156,54018,148367,93102,53331
,,,,5457,68442,28490,41099,53376,91156,54018,148367,93102,53331
,,,,5458,68442,28490,41099,53376,91156,54018,148367,93102,53331
,,,,5459,68442,28490,41099,53376,91156,54018,148367,93102,53331
,,,,5460,68442,28490,41099,53376,91156,54018,148367,93102,53331
,,,,5461,68442,28490,41099,53376,91156,54018,148367,93102,53331
,,,,5462,68442,28490,41099,53376,91156,54018,148367,93102,53331
,,,,5463,68442,28490,41099,53376,91156,54018,148367,93102,53331
,,,,5464,68442,28490,41099,53376,91156,54018,148367,93102,53331
,,,,5465,68442,28490,41099,53376,91156,54018,148367,93102,53331
,,,,5466,68442,28490,41099,53376,91156,54018,148367,93102,53331
,,,,5467,68442,28490,41099,53376,91156,54018,148367,93102,53331
,,,,5468,68442,28490,41099,53376,91156,54018,148367,93102,53331
,,,,5469,68442,28490,41099,53376,91156,54018,148367,93102,53331
,,,,5470,68442,28490,41099,53376,91156,54018,148367,93102,53331
,,,,5471,68442,28490,41099,53376,91156,54018,148367,93102,53331
,,,,5472,68442,28490,41099,53376,91156,54018,148367,93102,53331
,,,,5473,68442,28490,41099,53376,91156,54018,148367,93102,53331
,,,,5474,68442,28490,41099,53376,91156,54018,148367,93102,53331
,,,,5475,68442,28490,41099,53376,91156,54018,148367,93102,53331
,,,,5476,68442,28490,41099,53376,91156,54018,148367,93102,53331
,,,,5477,68442,28490,41099,53376,91156,54018,148367,93102,53331
,,,,5478,68442,28490,41099,53376,91156,54018,148367,93102,53331
,,,,5479,68442,28490,41099,53376,91156,54018,148367,93102,53331
,,,,5480,68442,28490,41099,53376,91156,54018,148367,93102,53331
,,,,5481,68442,28490,41099,53376,91156,54018,148367,93102,53331
,,,,5482,68442,28490,41099,53376,91156,54018,148367,93102,53331
,,,,5483,68442,28490,41099,53376,91156,54018,148367,93102,53331
,,,,5484,68442,28490,41099,53376,91156,54018,148367,93102,53331
,,,,5485,68442,28490,41099,53376,91156,54018,148367,93102,53331
,,,,5486,68442,28490,41099,53376,91156,54018,148367,93102,53331
,,,,5487,68442,28490,41099,53376,91156,54018,148367,93102,53331
,,,,5488,68442,28490,41099,53376,91156,54018,148367,93102,53331
,,,,5489,68442,28490,41099,53376,91156,54018,148367,93102,53331
,,,,5490,68442,28490,41099,53376,91156,54018,148367,93102,53331
,,,,5491,68442,28490,41099,53376,91156,54018,148367,93102,53331
,,,,5492,68442,28490,41099,53376,91156,54018,148367,93102,53331
,,,,5493,68442,28490,41099,53376,91156,54018,148367,93102,53331
,,,,5494,68442,28490,41099,53376,91156,54018,148367,93102,53331
,,,,5495,68442,28490,41099,53376,91156,54018,148367,93102,53331
,,,,5496,68442,28490,41099,53376,91156,54018,148367,93102,53331
,,,,5497,68442,28490,41099,53376,91156,54018,148367,93102,53331
,,,,5498,68442,28490,41099,53376,91156,54018,148367,93102,53331
,,,,5499,68442,28490,41099,53376,91156,54018,148367,93102,53331
,,,,5500,68442,28490,41099,53376,91156,54018,148367,93102,53331
,,,,5501,68442,28490,41099,53376,91156,54018,148367,93102,53331
,,,,5502,68442,28490,41099,53376,91156,54018,148367,93102,53331
,,,,5503,68442,28490,41099,53376,91156,54018,148367,93102,53331
,,,,5504,68442,28490,41099,53376,91156,54018,148367,93102,53331
,,,,5505,68442,28490,41099,53376,91156,54018,148367,93102,53331
,,,,5506,68442,28490,41099,53376,91156,54018,148367,93102,53331
,,,,5507,68442,28490,41099,53376,91156,54018,148367,93102,53331
,,,,5508,68442,28490,41099,53376,91156,54018,148367,93102,53331
,,,,5509,68442,28490,41099,53376,91156,54018,148367,93102,53331
,,,,5510,68442,28490,41099,53376,91156,54018,148367,93102,53331
,,,,5511,68442,28490,41099,53376,91156,54018,148367,93102,53331
,,,,5512,68442,28490,41099,53376,91156,54018,148367,93102,53331
,,,,5513,68442,28490,41099,53376,91156,54018,148367,93102,53331
,,,,5514,68442,28490,41099,53376,91156,54018,148367,93102,53331
,,,,5515,68442,28490,41099,53376,91156,54018,148367,93102,53331
,,,,5516,68442,28490,41099,53376,91156,54018,148367,93102,53331
,,,,5517,68442,28490,41099,53376,91156,54018,148367,93102,53331
,,,,5518,68442,28490,41099,53376,91156,54018,148367,93102,53331
,,,,5519,68442,28490,41099,53376,91156,54018,148367,93102,53331
,,,,5520,68442,28490,41099,53376,91156,54018,148367,93102,53331
,,,,5521,68442,28490,41099,53376,91156,54018,148367,93102,53331
,,,,5522,68442,28490,41099,53376,91156,54018,148367,93102,53331
,,,,5523,68442,28490,41099,53376,91156,54018,148367,93102,53331
,,,,5524,68442,28490,41099,53376,91156,54018,148367,93102,53331
,,,,5525,68442,28490,41099,53376,91156,54018,148367,93102,53331
,,,,5526,68442,28490,41099,53376,91156,54018,148367,93102,53331
,,,,5527,68442,28490,41099,53376,91156,54018,148367,93102,53331
,,,,5528,68442,28490,41099,53376,91156,54018,148367,93102,53331
,,,,5529,68442,28490,41099,53376,91156,54018,148367,93102,53331
,,,,5530,68442,28490,41099,53376,91156,54018,148367,93102,53331
,,,,5531,68442,28490,41099,53376,91156,54018,148367,93102,53331
,,,,5532,68442,28490,41099,53376,91156,54018,148367,93102,53331
,,,,5533,68442,28490,41099,53376,91156,54018,148367,93102,53331
,,,,5534,68442,28490,41099,53376,91156,54018,148367,93102,53331
,,,,5535,68442,28490,41099,53376,91156,54018,148367,93102,53331
,,,,5536,68442,28490,41099,53376,91156,54018,148367,93102,53331
,,,,5537,68442,28490,41099,53376,91156,54018,148367,93102,53331
,,,,5538,68442,28490,41099,53376,91156,54018,148367,93102,53331
,,,,5539,68442,28490,41099,53376,91156,54018,148367,93102,53331
,,,,5540,68442,28490,41099,53376,91156,54018,148367,93102,53331
,,,,5541,68442,28490,41099,53376,91156,54018,148367,93102,53331
,,,,5542,68442,28490,41099,53376,91156,54018,148367,93102,53331
,,,,5543,68442,28490,41099,53376,91156,54018,148367,93102,53331
,,,,5544,68442,28490,41099,53376,91156,54018,148367,93102,53331
,,,,5545,68442,28490,41099,53376,91156,54018,148367,93102,53331
,,,,5546,68442,28490,41099,53376,91156,54018,148367,93102,53331
,,,,5547,68442,28490,41099,53376,91156,54018,148367,93102,53331
,,,,5548,68442,28490,41099,53376,91156,54018,148367,93102,53331
,,,,5549,68442,28490,41099,53376,91156,54018,148367,93102,53331
,,,,5550,68442,28490,41099,53376,91156,54018,148367,93102,53331
,,,,5551,68442,28490,41099,53376,91156,54018,148367,93102,53331
,,,,5552,68442,28490,41099,53376,91156,54018,148367,93102,53331
,,,,5553,68442,28490,41099,53376,91156,54018,148367,93102,53331
,,,,5554,68442,28490,41099,53376,91156,54018,148367,93102,53331
,,,,5555,68442,28490,41099,53376,91156,54018,148367,93102,53331
,,,,5556,68442,28490,41099,53376,91156,54018,148367,93102,53331
,,,,5557,68442,28490,41099,53376,91156,54018,148367,93102,53331
,,,,5558,68442,28490,41099,53376,91156,54018,148367,93102,53331
,,,,5559,68442,28490,41099,53376,91156,54018,148367,93102,53331
,,,,5560,68442,28490,41099,53376,91156,54018,148367,93102,53331
,,,,5561,68442,28490,41099,53376,91156,54018,148367,93102,53331
,,,,5562,68442,28490,41099,53376,91156,54018,148367,93102,53331
,,,,5563,68442,28490,41099,53376,91156,54018,148367,93102,53331
,,,,5564,68442,28490,41099,53376,91156,54018,148367,93102,53331
,,,,5565,68442,28490,41099,53376,91156,54018,148367,93102,53331
,,,,5566,68442,28490,41099,53376,91156,54018,148367,93102,53331
,,,,5567,68442,28490,41099,53376,91156,54018,148367,93102,53331
,,,,5568,68442,28490,41099,53376,91156,54018,148367,93102,53331
,,,,5569,68442,28490,41099,53376,91156,54018,148367,93102,53331
,,,,5570,68442,28490,41099,53376,91156,54018,148367,93102,53331
,,,,5571,68442,28490,41099,53376,91156,54018,148367,93102,53331
,,,,5572,68442,28490,41099,53376,91156,54018,148367,93102,53331
,,,,5573,68442,28490,41099,53376,91156,54018,148367,93102,53331
,,,,5574,68442,28490,41099,53376,91156,54018,148367,93102,53331
,,,,5575,68442,28490,41099,53376,91156,54018,148367,93102,53331
,,,,5576,68442,28490,41099,53376,91156,54018,148367,93102,53331
,,,,5577,68442,28490,41099,53376,91156,54018,148367,93102,53331
,,,,5578,68442,28490,41099,53376,91156,54018,148367,93102,53331
,,,,5579,68442,28490,41099,53376,91156,54018,148367,93102,53331
,,,,5580,68442,28490,41099,53376,91156,54018,148367,93102,53331
,,,,5581,68442,28490,41099,53376,91156,54018,148367,93102,53331
,,,,5582,68442,28490,41099,53376,91156,54018,148367,93102,53331
,,,,5583,68442,28490,41099,53376,91156,54018,148367,93102,53331
,,,,5584,68442,28490,41099,53376,91156,54018,148367,93102,53331
,,,,5585,68442,28490,41099,53376,91156,54018,148367,93102,53331
,,,,5586,68442,28490,41099,53376,91156,54018,148367,93102,53331
,,,,5587,68442,28490,41099,53376,91156,54018,148367,93102,53331
,,,,5588,68442,28490,41099,53376,91156,54018,148367,93102,53331
,,,,5589,68442,28490,41099,53376,91156,54018,148367,93102,53331
,,,,5590,68442,28490,41099,53376,91156,54018,148367,93102,53331
,,,,5591,68442,28490,41099,53376,91156,54018,148367,93102,53331
,,,,5592,68442,28490,41099,53376,91156,54018,148367,93102,53331
,,,,5593,68442,28490,41099,53376,91156,54018,148367,93102,53331
,,,,5594,68442,28490,41099,53376,91156,54018,148367,93102,53331
,,,,5595,68442,28490,41099,53376,91156,54018,148367,93102,53331
,,,,5596,68442,28490,41099,53376,91156,54018,148367,93102,53331
,,,,5597,68442,28490,41099,53376,91156,54018,148367,93102,53331
,,,,5598,68442,28490,41099,53376,91156,54018,148367,93102,53331
,,,,5599,68442,28490,41099,53376,91156,54018,148367,93102,53331
,,,,5600,68442,28490,41099,53376,91156,54018,148367,93102,53331
,,,,5601,68442,28490,41099,53376,91156,54018,148367,93102,53331
,,,,5602,68442,28490,41099,53376,91156,54018,148367,93102,53331
,,,,5603,68442,28490,41099,53376,91156,54018,148367,93102,53331
,,,,5604,68442,28490,41099,53376,91156,54018,148367,93102,53331
,,,,5605,68442,28490,41099,53376,91156,54018,148367,93102,53331
,,,,5606,68442,28490,41099,53376,91156,54018,148367,93102,53331
,,,,5607,68442,28490,41099,53376,91156,54018,148367,93102,53331
,,,,5608,68442,28490,41099,53376,91156,54018,148367,93102,53331
,,,,5609,68442,28490,41099,53376,91156,54018,148367,93102,53331
,,,,5610,68442,28490,41099,53376,91156,54018,148367,93102,53331
,,,,5611,68442,28490,41099,53376,91156,54018,148367,93102,53331
,,,,5612,68442,28490,41099,53376,91156,54018,148367,93102,53331
,,,,5613,68442,28490,41099,53376,91156,54018,148367,93102,53331
,,,,5614,68442,28490,41099,53376,91156,54018,148367,93102,53331
,,,,5615,68442,28490,41099,53376,91156,54018,148367,93102,53331
,,,,5616,68442,28490,41099,53376,91156,54018,148367,93102,53331
,,,,5617,68442,28490,41099,53376,91156,54018,148367,93102,53331
,,,,5618,68442,28490,41099,53376,91156,54018,148367,93102,53331
,,,,5619,68442,28490,41099,53376,91156,54018,148367,93102,53331
,,,,5620,68442,28490,41099,53376,91156,54018,148367,93102,53331
,,,,5621,68442,28490,41099,53376,91156,54018,148367,93102,53331
,,,,5622,68442,28490,41099,53376,91156,54018,148367,93102,53331
,,,,5623,68442,28490,41099,53376,91156,54018,148367,93102,53331
,,,,5624,68442,28490,41099,53376,91156,54018,148367,93102,53331
,,,,5625,68442,28490,41099,53376,91156,54018,148367,93102,53331
,,,,5626,68442,28490,41099,53376,91156,54018,148367,93102,53331
,,,,5627,68442,28490,41099,53376,91156,54018,148367,93102,53331
,,,,5628,68442,28490,41099,53376,91156,54018,148367,93102,53331
,,,,5629,68442,28490,41099,53376,91156,54018,148367,93102,53331
,,,,5630,68442,28490,41099,53376,91156,54018,148367,93102,53331
,,,,5631,68442,28490,41099,53376,91156,54018,148367,93102,53331
,,,,5632,68442,28490,41099,53376,91156,54018,148367,93102,53331
,,,,5633,68442,28490,41099,53376,91156,54018,148367,93102,53331
,,,,5634,68442,28490,41099,53376,91156,54018,148367,93102,53331
,,,,5635,68442,28490,41099,53376,91156,54018,148367,93102,53331
,,,,5636,68442,28490,41099,53376,91156,54018,148367,93102,53331
,,,,5637,68442,28490,41099,53376,91156,54018,148367,93102,53331
,,,,5638,68442,28490,41099,53376,91156,54018,148367,93102,53331
,,,,5639,68442,28490,41099,53376,91156,54018,148367,93102,53331
,,,,5640,68442,28490,41099,53376,91156,54018,148367,93102,53331
,,,,5641,68442,28490,41099,53376,91156,54018,148367,93102,53331
,,,,5642,68442,28490,41099,53376,91156,54018,148367,93102,53331
,,,,5643,68442,28490,41099,53376,91156,54018,148367,93102,53331
,,,,5644,68442,28490,41099,53376,91156,54018,148367,93102,53331
,,,,5645,68442,28490,41099,53376,91156,54018,148367,93102,53331
,,,,5646,68442,28490,41099,53376,91156,54018,148367,93102,53331
,,,,5647,68442,28490,41099,53376,91156,54018,148367,93102,53331
,,,,5648,68442,28490,41099,53376,91156,54018,148367,93102,53331
,,,,5649,68442,28490,41099,53376,91156,54018,148367,93102,53331
,,,,5650,68442,28490,41099,53376,91156,54018,148367,93102,53331
,,,,5651,68442,28490,41099,53376,91156,54018,148367,93102,53331
,,,,5652,68442,28490,41099,53376,91156,54018,148367,93102,53331
,,,,5653,68442,28490,41099,53376,91156,54018,148367,93102,53331
,,,,5654,68442,28490,41099,53376,91156,54018,148367,93102,53331
,,,,5655,68442,28490,41099,53376,91156,54018,148367,93102,53331
,,,,5656,68442,28490,41099,53376,91156,54018,148367,93102,53331
,,,,5657,68442,28490,41099,53376,91156,54018,148367,93102,53331
,,,,5658,68442,28490,41099,53376,91156,54018,148367,93102,53331
,,,,5659,68442,28490,41099,53376,91156,54018,148367,93102,53331
,,,,5660,68442,28490,41099,53376,91156,54018,148367,93102,53331
,,,,5661,68442,28490,41099,53376,91156,54018,148367,93102,53331
,,,,5662,68442,28490,41099,53376,91156,54018,148367,93102,53331
,,,,5663,68442,28490,41099,53376,91156,54018,148367,93102,53331
,,,,5664,68442,28490,41099,53376,91156,54018,148367,93102,53331
,,,,5665,68442,28490,41099,53376,91156,54018,148367,93102,53331
,,,,5666,68442,28490,41099,53376,91156,54018,148367,93102,53331
,,,,5667,68442,28490,41099,53376,91156,54018,148367,93102,53331
,,,,5668,68442,28490,41099,53376,91156,54018,148367,93102,53331
,,,,5669,68442,28490,41099,53376,91156,54018,148367,93102,53331
,,,,5670,68442,28490,41099,53376,91156,54018,148367,93102,53331
,,,,5671,68442,28490,41099,53376,91156,54018,148367,93102,53331
,,,,5672,68442,28490,41099,53376,91156,54018,148367,93102,53331
,,,,5673,68442,28490,41099,53376,91156,54018,148367,93102,53331
,,,,5674,68442,28490,41099,53376,91156,54018,148367,93102,53331
,,,,5675,68442,28490,41099,53376,91156,54018,148367,93102,53331
,,,,5676,68442,28490,41099,53376,91156,54018,148367,93102,53331
,,,,5677,68442,28490,41099,53376,91156,54018,148367,93102,53331
,,,,5678,68442,28490,41099,53376,91156,54018,148367,93102,53331
,,,,5679,68442,28490,41099,53376,91156,54018,148367,93102,53331
,,,,5680,68442,28490,41099,53376,91156,54018,148367,93102,53331
,,,,5681,68442,28490,41099,53376,91156,54018,148367,93102,53331
,,,,5682,68442,28490,41099,53376,91156,54018,148367,93102,53331
,,,,5683,68442,28490,41099,53376,91156,54018,148367,93102,53331
,,,,5684,68442,28490,41099,53376,91156,54018,148367,93102,53331
,,,,5685,68442,28490,41099,53376,91156,54018,148367,93102,53331
,,,,5686,68442,28490,41099,53376,91156,54018,148367,93102,53331
,,,,5687,68442,28490,41099,53376,91156,54018,148367,93102,53331
,,,,5688,68442,28490,41099,53376,91156,54018,148367,93102,53331
,,,,5689,68442,28490,41099,53376,91156,54018,148367,93102,53331
,,,,5690,68442,28490,41099,53376,91156,54018,148367,93102,53331
,,,,5691,68442,28490,41099,53376,91156,54018,148367,93102,53331
,,,,5692,68442,28490,41099,53376,91156,54018,148367,93102,53331
,,,,5693,68442,28490,41099,53376,91156,54018,148367,93102,53331
,,,,5694,68442,28490,41099,53376,91156,54018,148367,93102,53331
,,,,5695,68442,28490,41099,53376,91156,54018,148367,93102,53331
,,,,5696,68442,28490,41099,53376,91156,54018,148367,93102,53331
,,,,5697,68442,28490,41099,53376,91156,54018,148367,93102,53331
,,,,5698,68442,28490,41099,53376,91156,54018,148367,93102,53331
,,,,5699,68442,28490,41099,53376,91156,54018,148367,93102,53331
,,,,5700,68442,28490,41099,53376,91156,54018,148367,93102,53331
,,,,5701,68442,28490,41099,53376,91156,54018,148367,93102,53331
,,,,5702,68442,28490,41099,53376,91156,54018,148367,93102,53331
,,,,5703,68442,28490,41099,53376,91156,54018,148367,93102,53331
,,,,5704,68442,28490,41099,53376,91156,54018,148367,93102,53331
,,,,5705,68442,28490,41099,53376,91156,54018,148367,93102,53331
,,,,5706,68442,28490,41099,53376,91156,54018,148367,93102,53331
,,,,5707,68442,28490,41099,53376,91156,54018,148367,93102,53331
,,,,5708,68442,28490,41099,53376,91156,54018,148367,93102,53331
,,,,5709,68442,28490,41099,53376,91156,54018,148367,93102,53331
,,,,5710,68442,28490,41099,53376,91156,54018,148367,93102,53331
,,,,5711,68442,28490,41099,53376,91156,54018,148367,93102,53331
,,,,5712,68442,28490,41099,53376,91156,54018,148367,93102,53331
,,,,5713,68442,28490,41099,53376,91156,54018,148367,93102,53331
,,,,5714,68442,28490,41099,53376,91156,54018,148367,93102,53331
,,,,5715,68442,28490,41099,53376,91156,54018,148367,93102,53331
,,,,5716,68442,28490,41099,53376,91156,54018,148367,93102,53331
,,,,5717,68442,28490,41099,53376,91156,54018,148367,93102,53331
,,,,5718,68442,28490,41099,53376,91156,54018,148367,93102,53331
,,,,5719,68442,28490,41099,53376,91156,54018,148367,93102,53331
,,,,5720,68442,28490,41099,53376,91156,54018,148367,93102,53331
,,,,5721,68442,28490,41099,53376,91156,54018,148367,93102,53331
,,,,5722,68442,28490,41099,53376,91156,54018,148367,93102,53331
,,,,5723,68442,28490,41099,53376,91156,54018,148367,93102,53331
,,,,5724,68442,28490,41099,53376,91156,54018,148367,93102,53331
,,,,5725,68442,28490,41099,53376,91156,54018,148367,93102,53331
,,,,5726,68442,28490,41099,53376,91156,54018,148367,93102,53331
,,,,5727,68442,28490,41099,53376,91156,54018,148367,93102,53331
,,,,5728,68442,28490,41099,53376,91156,54018,148367,93102,53331
,,,,5729,68442,28490,41099,53376,91156,54018,148367,93102,53331
,,,,5730,68442,28490,41099,53376,91156,54018,148367,93102,53331
,,,,5731,68442,28490,41099,53376,91156,54018,148367,93102,53331
,,,,5732,68442,28490,41099,53376,91156,54018,148367,93102,53331
,,,,5733,68442,28490,41099,53376,91156,54018,148367,93102,53331
,,,,5734,68442,28490,41099,53376,91156,54018,148367,93102,53331
,,,,5735,68442,28490,41099,53376,91156,54018,148367,93102,53331
,,,,5736,68442,28490,41099,53376,91156,54018,148367,93102,53331
,,,,5737,68442,28490,41099,53376,91156,54018,148367,93102,53331
,,,,5738,68442,28490,41099,53376,91156,54018,148367,93102,53331
,,,,5739,68442,28490,41099,53376,91156,54018,148367,93102,53331
,,,,5740,68442,28490,41099,53376,91156,54018,148367,93102,53331
,,,,5741,68442,28490,41099,53376,91156,54018,148367,93102,53331
,,,,5742,68442,28490,41099,53376,91156,54018,148367,93102,53331
,,,,5743,68442,28490,41099,53376,91156,54018,148367,93102,53331
,,,,5744,68442,28490,41099,53376,91156,54018,148367,93102,53331
,,,,5745,68442,28490,41099,53376,91156,54018,148367,93102,53331
,,,,5746,68442,28490,41099,53376,91156,54018,148367,93102,53331
,,,,5747,68442,28490,41099,53376,91156,54018,148367,93102,53331
,,,,5748,68442,28490,41099,53376,91156,54018,148367,93102,53331
,,,,5749,68442,28490,41099,53376,91156,54018,148367,93102,53331
,,,,5750,68442,28490,41099,53376,91156,54018,148367,93102,53331
,,,,5751,68442,28490,41099,53376,91156,54018,148367,93102,53331
,,,,5752,68442,28490,41099,53376,91156,54018,148367,93102,53331
,,,,5753,68442,28490,41099,53376,91156,54018,148367,93102,53331
,,,,5754,68442,28490,41099,53376,91156,54018,148367,93102,53331
,,,,5755,68442,28490,41099,53376,91156,54018,148367,93102,53331
,,,,5756,68442,28490,41099,53376,91156,54018,148367,93102,53331
,,,,5757,68442,28490,41099,53376,91156,54018,148367,93102,53331
,,,,5758,68442,28490,41099,53376,91156,54018,148367,93102,53331
,,,,5759,68442,28490,41099,53376,91156,54018,148367,93102,53331
,,,,5760,68442,28490,41099,53376,91156,54018,148367,93102,53331
,,,,5761,68442,28490,41099,53376,91156,54018,148367,93102,53331
,,,,5762,68442,28490,41099,53376,91156,54018,148367,93102,53331
,,,,5763,68442,28490,41099,53376,91156,54018,148367,93102,53331
,,,,5764,68442,28490,41099,53376,91156,54018,148367,93102,53331
,,,,5765,68442,28490,41099,53376,91156,54018,148367,93102,53331
,,,,5766,68442,28490,41099,53376,91156,54018,148367,93102,53331
,,,,5767,68442,28490,41099,53376,91156,54018,148367,93102,53331
,,,,5768,68442,28490,41099,53376,91156,54018,148367,93102,53331
,,,,5769,68442,28490,41099,53376,91156,54018,148367,93102,53331
,,,,5770,68442,28490,41099,53376,91156,54018,148367,93102,53331
,,,,5771,68442,28490,41099,53376,91156,54018,148367,93102,53331
,,,,5772,68442,28490,41099,53376,91156,54018,148367,93102,53331
,,,,5773,68442,28490,41099,53376,91156,54018,148367,93102,53331
,,,,5774,68442,28490,41099,53376,91156,54018,148367,93102,53331
,,,,5775,68442,28490,41099,53376,91156,54018,148367,93102,53331
,,,,5776,68442,28490,41099,53376,91156,54018,148367,93102,53331
,,,,5777,68442,28490,41099,53376,91156,54018,148367,93102,53331
,,,,5778,68442,28490,41099,53376,91156,54018,148367,93102,53331
,,,,5779,68442,28490,41099,53376,91156,54018,148367,93102,53331
,,,,5780,68442,28490,41099,53376,91156,54018,148367,93102,53331
,,,,5781,68442,28490,41099,53376,91156,54018,148367,93102,53331
,,,,5782,68442,28490,41099,53376,91156,54018,148367,93102,53331
,,,,5783,68442,28490,41099,53376,91156,54018,148367,93102,53331
,,,,5784,68442,28490,41099,53376,91156,54018,148367,93102,53331
,,,,5785,68442,28490,41099,53376,91156,54018,148367,93102,53331
,,,,5786,68442,28490,41099,53376,91156,54018,148367,93102,53331
,,,,5787,68442,28490,41099,53376,91156,54018,148367,93102,53331
,,,,5788,68442,28490,41099,53376,91156,54018,148367,93102,53331
,,,,5789,68442,28490,41099,53376,91156,54018,148367,93102,53331
,,,,5790,68442,28490,41099,53376,91156,54018,148367,93102,53331
,,,,5791,68442,28490,41099,53376,91156,54018,148367,93102,53331
,,,,5792,68442,28490,41099,53376,91156,54018,148367,93102,53331
,,,,5793,68442,28490,41099,53376,91156,54018,148367,93102,53331
,,,,5794,68442,28490,41099,53376,91156,54018,148367,93102,53331
,,,,5795,68442,28490,41099,53376,91156,54018,148367,93102,53331
,,,,5796,68442,28490,41099,53376,91156,54018,148367,93102,53331
,,,,5797,68442,28490,41099,53376,91156,54018,148367,93102,53331
,,,,5798,68442,28490,41099,53376,91156,54018,148367,93102,53331
,,,,5799,68442,28490,41099,53376,91156,54018,148367,93102,53331
,,,,5800,68442,28490,41099,53376,91156,54018,148367,93102,53331
,,,,5801,68442,28490,41099,53376,91156,54018,148367,93102,53331
,,,,5802,68442,28490,41099,53376,91156,54018,148367,93102,53331
,,,,5803,68442,28490,41099,53376,91156,54018,148367,93102,53331
,,,,5804,68442,28490,41099,53376,91156,54018,148367,93102,53331
,,,,5805,68442,28490,41099,53376,91156,54018,148367,93102,53331
,,,,5806,68442,28490,41099,53376,91156,54018,148367,93102,53331
,,,,5807,68442,28490,41099,53376,91156,54018,148367,93102,53331
,,,,5808,68442,28490,41099,53376,91156,54018,148367,93102,53331
,,,,5809,68442,28490,41099,53376,91156,54018,148367,93102,53331
,,,,5810,68442,28490,41099,53376,91156,54018,148367,93102,53331
,,,,5811,68442,28490,41099,53376,91156,54018,148367,93102,53331
,,,,5812,68442,28490,41099,53376,91156,54018,148367,93102,53331
,,,,5813,68442,28490,41099,53376,91156,54018,148367,93102,53331
,,,,5814,68442,28490,41099,53376,91156,54018,148367,93102,53331
,,,,5815,68442,28490,41099,53376,91156,54018,148367,93102,53331
,,,,5816,68442,28490,41099,53376,91156,54018,148367,93102,53331
,,,,5817,68442,28490,41099,53376,91156,54018,148367,93102,53331
,,,,5818,68442,28490,41099,53376,91156,54018,148367,93102,53331
,,,,5819,68442,28490,41099,53376,91156,54018,148367,93102,53331
,,,,5820,68442,28490,41099,53376,91156,54018,148367,93102,53331
,,,,5821,68442,28490,41099,53376,91156,54018,148367,93102,53331
,,,,5822,68442,28490,41099,53376,91156,54018,148367,93102,53331
,,,,5823,68442,28490,41099,53376,91156,54018,148367,93102,53331
,,,,5824,68442,28490,41099,53376,91156,54018,148367,93102,53331
,,,,5825,68442,28490,41099,53376,91156,54018,148367,93102,53331
,,,,5826,68442,28490,41099,53376,91156,54018,148367,93102,53331
,,,,5827,68442,28490,41099,53376,91156,54018,148367,93102,53331
,,,,5828,68442,28490,41099,53376,91156,54018,148367,93102,53331
,,,,5829,68442,28490,41099,53376,91156,54018,148367,93102,53331
,,,,5830,68442,28490,41099,53376,91156,54018,148367,93102,53331
,,,,5831,68442,28490,41099,53376,91156,54018,148367,93102,53331
,,,,5832,68442,28490,41099,53376,91156,54018,148367,93102,53331
,,,,5833,68442,28490,41099,53376,91156,54018,148367,93102,53331
,,,,5834,68442,28490,41099,53376,91156,54018,148367,93102,53331
,,,,5835,68442,28490,41099,53376,91156,54018,148367,93102,53331
,,,,5836,68442,28490,41099,53376,91156,54018,148367,93102,53331
,,,,5837,68442,28490,41099,53376,91156,54018,148367,93102,53331
,,,,5838,68442,28490,41099,53376,91156,54018,148367,93102,53331
,,,,5839,68442,28490,41099,53376,91156,54018,148367,93102,53331
,,,,5840,68442,28490,41099,53376,91156,54018,148367,93102,53331
,,,,5841,68442,28490,41099,53376,91156,54018,148367,93102,53331
,,,,5842,68442,28490,41099,53376,91156,54018,148367,93102,53331
,,,,5843,68442,28490,41099,53376,91156,54018,148367,93102,53331
,,,,5844,68442,28490,41099,53376,91156,54018,148367,93102,53331
,,,,5845,68442,28490,41099,53376,91156,54018,148367,93102,53331
,,,,5846,68442,28490,41099,53376,91156,54018,148367,93102,53331
,,,,5847,68442,28490,41099,53376,91156,54018,148367,93102,53331
,,,,5848,68442,28490,41099,53376,91156,54018,148367,93102,53331
,,,,5849,68442,28490,41099,53376,91156,54018,148367,93102,53331
,,,,5850,68442,28490,41099,53376,91156,54018,148367,93102,53331
,,,,5851,68442,28490,41099,53376,91156,54018,148367,93102,53331
,,,,5852,68442,28490,41099,53376,91156,54018,148367,93102,53331
,,,,5853,68442,28490,41099,53376,91156,54018,148367,93102,53331
,,,,5854,68442,28490,41099,53376,91156,54018,148367,93102,53331
,,,,5855,68442,28490,41099,53376,91156,54018,148367,93102,53331
,,,,5856,68442,28490,41099,53376,91156,54018,148367,93102,53331
,,,,5857,68442,28490,41099,53376,91156,54018,148367,93102,53331
,,,,5858,68442,28490,41099,53376,91156,54018,148367,93102,53331
,,,,5859,68442,28490,41099,53376,91156,54018,148367,93102,53331
,,,,5860,68442,28490,41099,53376,91156,54018,148367,93102,53331
,,,,5861,68442,28490,41099,53376,91156,54018,148367,93102,53331
,,,,5862,68442,28490,41099,53376,91156,54018,148367,93102,53331
,,,,5863,68442,28490,41099,53376,91156,54018,148367,93102,53331
,,,,5864,68442,28490,41099,53376,91156,54018,148367,93102,53331
,,,,5865,68442,28490,41099,53376,91156,54018,148367,93102,53331
,,,,5866,68442,28490,41099,53376,91156,54018,148367,93102,53331
,,,,5867,68442,28490,41099,53376,91156,54018,148367,93102,53331
,,,,5868,68442,28490,41099,53376,91156,54018,148367,93102,53331
,,,,5869,68442,28490,41099,53376,91156,54018,148367,93102,53331
,,,,5870,68442,28490,41099,53376,91156,54018,148367,93102,53331
,,,,5871,68442,28490,41099,53376,91156,54018,148367,93102,53331
,,,,5872,68442,28490,41099,53376,91156,54018,148367,93102,53331
,,,,5873,68442,28490,41099,53376,91156,54018,148367,93102,53331
,,,,5874,68442,28490,41099,53376,91156,54018,148367,93102,53331
,,,,5875,68442,28490,41099,53376,91156,54018,148367,93102,53331
,,,,5876,68442,28490,41099,53376,91156,54018,148367,93102,53331
,,,,5877,68442,28490,41099,53376,91156,54018,148367,93102,53331
,,,,5878,68442,28490,41099,53376,91156,54018,148367,93102,53331
,,,,5879,68442,28490,41099,53376,91156,54018,148367,93102,53331
,,,,5880,68442,28490,41099,53376,91156,54018,148367,93102,53331
,,,,5881,68442,28490,41099,53376,91156,54018,148367,93102,53331
,,,,5882,68442,28490,41099,53376,91156,54018,148367,93102,53331
,,,,5883,68442,28490,41099,53376,91156,54018,148367,93102,53331
,,,,5884,68442,28490,41099,53376,91156,54018,148367,93102,53331
,,,,5885,68442,28490,41099,53376,91156,54018,148367,93102,53331
,,,,5886,68442,28490,41099,53376,91156,54018,148367,93102,53331
,,,,5887,68442,28490,41099,53376,91156,54018,148367,93102,53331
,,,,5888,68442,28490,41099,53376,91156,54018,148367,93102,53331
,,,,5889,68442,28490,41099,53376,91156,54018,148367,93102,53331
,,,,5890,68442,28490,41099,53376,91156,54018,148367,93102,53331
,,,,5891,68442,28490,41099,53376,91156,54018,148367,93102,53331
,,,,5892,68442,28490,41099,53376,91156,54018,148367,93102,53331
,,,,5893,68442,28490,41099,53376,91156,54018,148367,93102,53331
,,,,5894,68442,28490,41099,53376,91156,54018,148367,93102,53331
,,,,5895,68442,28490,41099,53376,91156,54018,148367,93102,53331
,,,,5896,68442,28490,41099,53376,91156,54018,148367,93102,53331
,,,,5897,68442,28490,41099,53376,91156,54018,148367,93102,53331
,,,,5898,68442,28490,41099,53376,91156,54018,148367,93102,53331
,,,,5899,68442,28490,41099,53376,91156,54018,148367,93102,53331
,,,,5900,68442,28490,41099,53376,91156,54018,148367,93102,53331
,,,,5901,68442,28490,41099,53376,91156,54018,148367,93102,53331
,,,,5902,68442,28490,41099,53376,91156,54018,148367,93102,53331
,,,,5903,68442,28490,41099,53376,91156,54018,148367,93102,53331
,,,,5904,68442,28490,41099,53376,91156,54018,148367,93102,53331
,,,,5905,68442,28490,41099,53376,91156,54018,148367,93102,53331
,,,,5906,68442,28490,41099,53376,91156,54018,148367,93102,53331
,,,,5907,68442,28490,41099,53376,91156,54018,148367,93102,53331
,,,,5908,68442,28490,41099,53376,91156,54018,148367,93102,53331
,,,,5909,68442,28490,41099,53376,91156,54018,148367,93102,53331
,,,,5910,68442,28490,41099,53376,91156,54018,148367,93102,53331
,,,,5911,68442,28490,41099,53376,91156,54018,148367,93102,53331
,,,,5912,68442,28490,41099,53376,91156,54018,148367,93102,53331
,,,,5913,68442,28490,41099,53376,91156,54018,148367,93102,53331
,,,,5914,68442,28490,41099,53376,91156,54018,148367,93102,53331
,,,,5915,68442,28490,41099,53376,91156,54018,148367,93102,53331
,,,,5916,68442,28490,41099,53376,91156,54018,148367,93102,53331
,,,,5917,68442,28490,41099,53376,91156,54018,148367,93102,53331
,,,,5918,68442,28490,41099,53376,91156,54018,148367,93102,53331
,,,,5919,68442,28490,41099,53376,91156,54018,148367,93102,53331
,,,,5920,68442,28490,41099,53376,91156,54018,148367,93102,53331
,,,,5921,68442,28490,41099,53376,91156,54018,148367,93102,53331
,,,,5922,68442,28490,41099,53376,91156,54018,148367,93102,53331
,,,,5923,68442,28490,41099,53376,91156,54018,148367,93102,53331
,,,,5924,68442,28490,41099,53376,91156,54018,148367,93102,53331
,,,,5925,68442,28490,41099,53376,91156,54018,148367,93102,53331
,,,,5926,68442,28490,41099,53376,91156,54018,148367,93102,53331
,,,,5927,68442,28490,41099,53376,91156,54018,148367,93102,53331
,,,,5928,68442,28490,41099,53376,91156,54018,148367,93102,53331
,,,,5929,68442,28490,41099,53376,91156,54018,148367,93102,53331
,,,,5930,68442,28490,41099,53376,91156,54018,148367,93102,53331
,,,,5931,68442,28490,41099,53376,91156,54018,148367,93102,53331
,,,,5932,68442,28490,41099,53376,91156,54018,148367,93102,53331
,,,,5933,68442,28490,41099,53376,91156,54018,148367,93102,53331
,,,,5934,68442,28490,41099,53376,91156,54018,148367,93102,53331
,,,,5935,68442,28490,41099,53376,91156,54018,148367,93102,53331
,,,,5936,68442,28490,41099,53376,91156,54018,148367,93102,53331
,,,,5937,68442,28490,41099,53376,91156,54018,148367,93102,53331
,,,,5938,68442,28490,41099,53376,91156,54018,148367,93102,53331
,,,,5939,68442,28490,41099,53376,91156,54018,148367,93102,53331
,,,,5940,68442,28490,41099,53376,91156,54018,148367,93102,53331
,,,,5941,68442,28490,41099,53376,91156,54018,148367,93102,53331
,,,,5942,68442,28490,41099,53376,91156,54018,148367,93102,53331
,,,,5943,68442,28490,41099,53376,91156,54018,148367,93102,53331
,,,,5944,68442,28490,41099,53376,91156,54018,148367,93102,53331
,,,,5945,68442,28490,41099,53376,91156,54018,148367,93102,53331
,,,,5946,68442,28490,41099,53376,91156,54018,148367,93102,53331
,,,,5947,68442,28490,41099,53376,91156,54018,148367,93102,53331
,,,,5948,68442,28490,41099,53376,91156,54018,148367,93102,53331
,,,,5949,68442,28490,41099,53376,91156,54018,148367,93102,53331
,,,,5950,68442,28490,41099,53376,91156,54018,148367,93102,53331
,,,,5951,68442,28490,41099,53376,91156,54018,148367,93102,53331
,,,,5952,68442,28490,41099,53376,91156,54018,148367,93102,53331
,,,,5953,68442,28490,41099,53376,91156,54018,148367,93102,53331
,,,,5954,68442,28490,41099,53376,91156,54018,148367,93102,53331
,,,,5955,68442,28490,41099,53376,91156,54018,148367,93102,53331
,,,,5956,68442,28490,41099,53376,91156,54018,148367,93102,53331
,,,,5957,68442,28490,41099,53376,91156,54018,148367,93102,53331
,,,,5958,68442,28490,41099,53376,91156,54018,148367,93102,53331
,,,,5959,68442,28490,41099,53376,91156,54018,148367,93102,53331
,,,,5960,68442,28490,41099,53376,91156,54018,148367,93102,53331
,,,,5961,68442,28490,41099,53376,91156,54018,148367,93102,53331
,,,,5962,68442,28490,41099,53376,91156,54018,148367,93102,53331
,,,,5963,68442,28490,41099,53376,91156,54018,148367,93102,53331
,,,,5964,68442,28490,41099,53376,91156,54018,148367,93102,53331
,,,,5965,68442,28490,41099,53376,91156,54018,148367,93102,53331
,,,,5966,68442,28490,41099,53376,91156,54018,148367,93102,53331
,,,,5967,68442,28490,41099,53376,91156,54018,148367,93102,53331
,,,,5968,68442,28490,41099,53376,91156,54018,148367,93102,53331
,,,,5969,68442,28490,41099,53376,91156,54018,148367,93102,53331
,,,,5970,68442,28490,41099,53376,91156,54018,148367,93102,53331
,,,,5971,68442,28490,41099,53376,91156,54018,148367,93102,53331
,,,,5972,68442,28490,41099,53376,91156,54018,148367,93102,53331
,,,,5973,68442,28490,41099,53376,91156,54018,148367,93102,53331
,,,,5974,68442,28490,41099,53376,91156,54018,148367,93102,53331
,,,,5975,68442,28490,41099,53376,91156,54018,148367,93102,53331
,,,,5976,68442,28490,41099,53376,91156,54018,148367,93102,53331
,,,,5977,68442,28490,41099,53376,91156,54018,148367,93102,53331
,,,,5978,68442,28490,41099,53376,91156,54018,148367,93102,53331
,,,,5979,68442,28490,41099,53376,91156,54018,148367,93102,53331
,,,,5980,68442,28490,41099,53376,91156,54018,148367,93102,53331
,,,,5981,68442,28490,41099,53376,91156,54018,148367,93102,53331
,,,,5982,68442,28490,41099,53376,91156,54018,148367,93102,53331
,,,,5983,68442,28490,41099,53376,91156,54018,148367,93102,53331
,,,,5984,68442,28490,41099,53376,91156,54018,148367,93102,53331
,,,,5985,68442,28490,41099,53376,91156,54018,148367,93102,53331
,,,,5986,68442,28490,41099,53376,91156,54018,148367,93102,53331
,,,,5987,68442,28490,41099,53376,91156,54018,148367,93102,53331
,,,,5988,68442,28490,41099,53376,91156,54018,148367,93102,53331
,,,,5989,68442,28490,41099,53376,91156,54018,148367,93102,53331
,,,,5990,68442,28490,41099,53376,91156,54018,148367,93102,53331
,,,,5991,68442,28490,41099,53376,91156,54018,148367,93102,53331
,,,,5992,68442,28490,41099,53376,91156,54018,148367,93102,53331
,,,,5993,68442,28490,41099,53376,91156,54018,148367,93102,53331
,,,,5994,68442,28490,41099,53376,91156,54018,148367,93102,53331
,,,,5995,68442,28490,41099,53376,91156,54018,148367,93102,53331
,,,,5996,68442,28490,41099,53376,91156,54018,148367,93102,53331
,,,,5997,68442,28490,41099,53376,91156,54018,148367,93102,53331
,,,,5998,68442,28490,41099,53376,91156,54018,148367,93102,53331
,,,,5999,68442,28490,41099,53376,91156,54018,148367,93102,53331
,,,,6000,68442,28490,41099,53376,91156,54018,148367,93102,53331
,,,,6001,68442,28490,41099,53376,91156,54018,148367,93102,53331
,,,,6002,68442,28490,41099,53376,91156,54018,148367,93102,53331
,,,,6003,68442,28490,41099,53376,91156,54018,148367,93102,53331
,,,,6004,68442,28490,41099,53376,91156,54018,148367,93102,53331
,,,,6005,68442,28490,41099,53376,91156,54018,148367,93102,53331
,,,,6006,68442,28490,41099,53376,91156,54018,148367,93102,53331
,,,,6007,68442,28490,41099,53376,91156,54018,148367,93102,53331
,,,,6008,68442,28490,41099,53376,91156,54018,148367,93102,53331
,,,,6009,68442,28490,41099,53376,91156,54018,148367,93102,53331
,,,,6010,68442,28490,41099,53376,91156,54018,148367,93102,53331
,,,,6011,68442,28490,41099,53376,91156,54018,148367,93102,53331
,,,,6012,68442,28490,41099,53376,91156,54018,148367,93102,53331
,,,,6013,68442,28490,41099,53376,91156,54018,148367,93102,53331
,,,,6014,68442,28490,41099,53376,91156,54018,148367,93102,53331
,,,,6015,68442,28490,41099,53376,91156,54018,148367,93102,53331
,,,,6016,68442,28490,41099,53376,91156,54018,148367,93102,53331
,,,,6017,68442,28490,41099,53376,91156,54018,148367,93102,53331
,,,,6018,68442,28490,41099,53376,91156,54018,148367,93102,53331
,,,,6019,68442,28490,41099,53376,91156,54018,148367,93102,53331
,,,,6020,68442,28490,41099,53376,91156,54018,148367,93102,53331
,,,,6021,68442,28490,41099,53376,91156,54018,148367,93102,53331
,,,,6022,68442,28490,41099,53376,91156,54018,148367,93102,53331
,,,,6023,68442,28490,41099,53376,91156,54018,148367,93102,53331
,,,,6024,68442,28490,41099,53376,91156,54018,148367,93102,53331
,,,,6025,68442,28490,41099,53376,91156,54018,148367,93102,53331
,,,,6026,68442,28490,41099,53376,91156,54018,148367,93102,53331
,,,,6027,68442,28490,41099,53376,91156,54018,148367,93102,53331
,,,,6028,68442,28490,41099,53376,91156,54018,148367,93102,53331
,,,,6029,68442,28490,41099,53376,91156,54018,148367,93102,53331
,,,,6030,68442,28490,41099,53376,91156,54018,148367,93102,53331
,,,,6031,68442,28490,41099,53376,91156,54018,148367,93102,53331
,,,,6032,68442,28490,41099,53376,91156,54018,148367,93102,53331
,,,,6033,68442,28490,41099,53376,91156,54018,148367,93102,53331
,,,,6034,68442,28490,41099,53376,91156,54018,148367,93102,53331
,,,,6035,68442,28490,41099,53376,91156,54018,148367,93102,53331
,,,,6036,68442,28490,41099,53376,91156,54018,148367,93102,53331
,,,,6037,68442,28490,41099,53376,91156,54018,148367,93102,53331
,,,,6038,68442,28490,41099,53376,91156,54018,148367,93102,53331
,,,,6039,68442,28490,41099,53376,91156,54018,148367,93102,53331
,,,,6040,68442,28490,41099,53376,91156,54018,148367,93102,53331
,,,,6041,68442,28490,41099,53376,91156,54018,148367,93102,53331
,,,,6042,68442,28490,41099,53376,91156,54018,148367,93102,53331
,,,,6043,68442,28490,41099,53376,91156,54018,148367,93102,53331
,,,,6044,68442,28490,41099,53376,91156,54018,148367,93102,53331
,,,,6045,68442,28490,41099,53376,91156,54018,148367,93102,53331
,,,,6046,68442,28490,41099,53376,91156,54018,148367,93102,53331
,,,,6047,68442,28490,41099,53376,91156,54018,148367,93102,53331
,,,,6048,68442,28490,41099,53376,91156,54018,148367,93102,53331
,,,,6049,68442,28490,41099,53376,91156,54018,148367,93102,53331
,,,,6050,68442,28490,41099,53376,91156,54018,148367,93102,53331
,,,,6051,68442,28490,41099,53376,91156,54018,148367,93102,53331
,,,,6052,68442,28490,41099,53376,91156,54018,148367,93102,53331
,,,,6053,68442,28490,41099,53376,91156,54018,148367,93102,53331
,,,,6054,68442,28490,41099,53376,91156,54018,148367,93102,53331
,,,,6055,68442,28490,41099,53376,91156,54018,148367,93102,53331
,,,,6056,68442,28490,41099,53376,91156,54018,148367,93102,53331
,,,,6057,68442,28490,41099,53376,91156,54018,148367,93102,53331
,,,,6058,68442,28490,41099,53376,91156,54018,148367,93102,53331
,,,,6059,68442,28490,41099,53376,91156,54018,148367,93102,53331
,,,,6060,68442,28490,41099,53376,91156,54018,148367,93102,53331
,,,,6061,68442,28490,41099,53376,91156,54018,148367,93102,53331
,,,,6062,68442,28490,41099,53376,91156,54018,148367,93102,53331
,,,,6063,68442,28490,41099,53376,91156,54018,148367,93102,53331
,,,,6064,68442,28490,41099,53376,91156,54018,148367,93102,53331
,,,,6065,68442,28490,41099,53376,91156,54018,148367,93102,53331
,,,,6066,68442,28490,41099,53376,91156,54018,148367,93102,53331
,,,,6067,68442,28490,41099,53376,91156,54018,148367,93102,53331
,,,,6068,68442,28490,41099,53376,91156,54018,148367,93102,53331
,,,,6069,68442,28490,41099,53376,91156,54018,148367,93102,53331
,,,,6070,68442,28490,41099,53376,91156,54018,148367,93102,53331
,,,,6071,68442,28490,41099,53376,91156,54018,148367,93102,53331
,,,,6072,68442,28490,41099,53376,91156,54018,148367,93102,53331
,,,,6073,68442,28490,41099,53376,91156,54018,148367,93102,53331
,,,,6074,68442,28490,41099,53376,91156,54018,148367,93102,53331
,,,,6075,68442,28490,41099,53376,91156,54018,148367,93102,53331
,,,,6076,68442,28490,41099,53376,91156,54018,148367,93102,53331
,,,,6077,68442,28490,41099,53376,91156,54018,148367,93102,53331
,,,,6078,68442,28490,41099,53376,91156,54018,148367,93102,53331
,,,,6079,68442,28490,41099,53376,91156,54018,148367,93102,53331
,,,,6080,68442,28490,41099,53376,91156,54018,148367,93102,53331
,,,,6081,68442,28490,41099,53376,91156,54018,148367,93102,53331
,,,,6082,68442,28490,41099,53376,91156,54018,148367,93102,53331
,,,,6083,68442,28490,41099,53376,91156,54018,148367,93102,53331
,,,,6084,68442,28490,41099,53376,91156,54018,148367,93102,53331
,,,,6085,68442,28490,41099,53376,91156,54018,148367,93102,53331
,,,,6086,68442,28490,41099,53376,91156,54018,148367,93102,53331
,,,,6087,68442,28490,41099,53376,91156,54018,148367,93102,53331
,,,,6088,68442,28490,41099,53376,91156,54018,148367,93102,53331
,,,,6089,68442,28490,41099,53376,91156,54018,148367,93102,53331
,,,,6090,68442,28490,41099,53376,91156,54018,148367,93102,53331
,,,,6091,68442,28490,41099,53376,91156,54018,148367,93102,53331
,,,,6092,68442,28490,41099,53376,91156,54018,148367,93102,53331
,,,,6093,68442,28490,41099,53376,91156,54018,148367,93102,53331
,,,,6094,68442,28490,41099,53376,91156,54018,148367,93102,53331
,,,,6095,68442,28490,41099,53376,91156,54018,148367,93102,53331
,,,,6096,68442,28490,41099,53376,91156,54018,148367,93102,53331
,,,,6097,68442,28490,41099,53376,91156,54018,148367,93102,53331
,,,,6098,68442,28490,41099,53376,91156,54018,148367,93102,53331
,,,,6099,68442,28490,41099,53376,91156,54018,148367,93102,53331
,,,,6100,68442,28490,41099,53376,91156,54018,148367,93102,53331
,,,,6101,68442,28490,41099,53376,91156,54018,148367,93102,53331
,,,,6102,68442,28490,41099,53376,91156,54018,148367,93102,53331
,,,,6103,68442,28490,41099,53376,91156,54018,148367,93102,53331
,,,,6104,68442,28490,41099,53376,91156,54018,148367,93102,53331
,,,,6105,68442,28490,41099,53376,91156,54018,148367,93102,53331
,,,,6106,68442,28490,41099,53376,91156,54018,148367,93102,53331
,,,,6107,68442,28490,41099,53376,91156,54018,148367,93102,53331
,,,,6108,68442,28490,41099,53376,91156,54018,148367,93102,53331
,,,,6109,68442,28490,41099,53376,91156,54018,148367,93102,53331
,,,,6110,68442,28490,41099,53376,91156,54018,148367,93102,53331
,,,,6111,68442,28490,41099,53376,91156,54018,148367,93102,53331
,,,,6112,68442,28490,41099,53376,91156,54018,148367,93102,53331
,,,,6113,68442,28490,41099,53376,91156,54018,148367,93102,53331
,,,,6114,68442,28490,41099,53376,91156,54018,148367,93102,53331
,,,,6115,68442,28490,41099,53376,91156,54018,148367,93102,53331
,,,,6116,68442,28490,41099,53376,91156,54018,148367,93102,53331
,,,,6117,68442,28490,41099,53376,91156,54018,148367,93102,53331
,,,,6118,68442,28490,41099,53376,91156,54018,148367,93102,53331
,,,,6119,68442,28490,41099,53376,91156,54018,148367,93102,53331
,,,,6120,68442,28490,41099,53376,91156,54018,148367,93102,53331
,,,,6121,68442,28490,41099,53376,91156,54018,148367,93102,53331
,,,,6122,68442,28490,41099,53376,91156,54018,148367,93102,53331
,,,,6123,68442,28490,41099,53376,91156,54018,148367,93102,53331
,,,,6124,68442,28490,41099,53376,91156,54018,148367,93102,53331
,,,,6125,68442,28490,41099,53376,91156,54018,148367,93102,53331
,,,,6126,68442,28490,41099,53376,91156,54018,148367,93102,53331
,,,,6127,68442,28490,41099,53376,91156,54018,148367,93102,53331
,,,,6128,68442,28490,41099,53376,91156,54018,148367,93102,53331
,,,,6129,68442,28490,41099,53376,91156,54018,148367,93102,53331
,,,,6130,68442,28490,41099,53376,91156,54018,148367,93102,53331
,,,,6131,68442,28490,41099,53376,91156,54018,148367,93102,53331
,,,,6132,68442,28490,41099,53376,91156,54018,148367,93102,53331
,,,,6133,68442,28490,41099,53376,91156,54018,148367,93102,53331
,,,,6134,68442,28490,41099,53376,91156,54018,148367,93102,53331
,,,,6135,68442,28490,41099,53376,91156,54018,148367,93102,53331
,,,,6136,68442,28490,41099,53376,91156,54018,148367,93102,53331
,,,,6137,68442,28490,41099,53376,91156,54018,148367,93102,53331
,,,,6138,68442,28490,41099,53376,91156,54018,148367,93102,53331
,,,,6139,68442,28490,41099,53376,91156,54018,148367,93102,53331
,,,,6140,68442,28490,41099,53376,91156,54018,148367,93102,53331
,,,,6141,68442,28490,41099,53376,91156,54018,148367,93102,53331
,,,,6142,68442,28490,41099,53376,91156,54018,148367,93102,53331
,,,,6143,68442,28490,41099,53376,91156,54018,148367,93102,53331
,,,,6144,68442,28490,41099,53376,91156,54018,148367,93102,53331
,,,,6145,68442,28490,41099,53376,91156,54018,148367,93102,53331
,,,,6146,68442,28490,41099,53376,91156,54018,148367,93102,53331
,,,,6147,68442,28490,41099,53376,91156,54018,148367,93102,53331
,,,,6148,68442,28490,41099,53376,91156,54018,148367,93102,53331
,,,,6149,68442,28490,41099,53376,91156,54018,148367,93102,53331
,,,,6150,68442,28490,41099,53376,91156,54018,148367,93102,53331
,,,,6151,68442,28490,41099,53376,91156,54018,148367,93102,53331
,,,,6152,68442,28490,41099,53376,91156,54018,148367,93102,53331
,,,,6153,68442,28490,41099,53376,91156,54018,148367,93102,53331
,,,,6154,68442,28490,41099,53376,91156,54018,148367,93102,53331
,,,,6155,68442,28490,41099,53376,91156,54018,148367,93102,53331
,,,,6156,68442,28490,41099,53376,91156,54018,148367,93102,53331
,,,,6157,68442,28490,41099,53376,91156,54018,148367,93102,53331
,,,,6158,68442,28490,41099,53376,91156,54018,148367,93102,53331
,,,,6159,68442,28490,41099,53376,91156,54018,148367,93102,53331
,,,,6160,68442,28490,41099,53376,91156,54018,148367,93102,53331
,,,,6161,68442,28490,41099,53376,91156,54018,148367,93102,53331
,,,,6162,68442,28490,41099,53376,91156,54018,148367,93102,53331
,,,,6163,68442,28490,41099,53376,91156,54018,148367,93102,53331
,,,,6164,68442,28490,41099,53376,91156,54018,148367,93102,53331
,,,,6165,68442,28490,41099,53376,91156,54018,148367,93102,53331
,,,,6166,68442,28490,41099,53376,91156,54018,148367,93102,53331
,,,,6167,68442,28490,41099,53376,91156,54018,148367,93102,53331
,,,,6168,68442,28490,41099,53376,91156,54018,148367,93102,53331
,,,,6169,68442,28490,41099,53376,91156,54018,148367,93102,53331
,,,,6170,68442,28490,41099,53376,91156,54018,148367,93102,53331
,,,,6171,68442,28490,41099,53376,91156,54018,148367,93102,53331
,,,,6172,68442,28490,41099,53376,91156,54018,148367,93102,53331
,,,,6173,68442,28490,41099,53376,91156,54018,148367,93102,53331
,,,,6174,68442,28490,41099,53376,91156,54018,148367,93102,53331
,,,,6175,68442,28490,41099,53376,91156,54018,148367,93102,53331
,,,,6176,68442,28490,41099,53376,91156,54018,148367,93102,53331
,,,,6177,68442,28490,41099,53376,91156,54018,148367,93102,53331
,,,,6178,68442,28490,41099,53376,91156,54018,148367,93102,53331
,,,,6179,68442,28490,41099,53376,91156,54018,148367,93102,53331
,,,,6180,68442,28490,41099,53376,91156,54018,148367,93102,53331
,,,,6181,68442,28490,41099,53376,91156,54018,148367,93102,53331
,,,,6182,68442,28490,41099,53376,91156,54018,148367,93102,53331
,,,,6183,68442,28490,41099,53376,91156,54018,148367,93102,53331
,,,,6184,68442,28490,41099,53376,91156,54018,148367,93102,53331
,,,,6185,68442,28490,41099,53376,91156,54018,148367,93102,53331
,,,,6186,68442,28490,41099,53376,91156,54018,148367,93102,53331
,,,,6187,68442,28490,41099,53376,91156,54018,148367,93102,53331
,,,,6188,68442,28490,41099,53376,91156,54018,148367,93102,53331
,,,,6189,68442,28490,41099,53376,91156,54018,148367,93102,53331
,,,,6190,68442,28490,41099,53376,91156,54018,148367,93102,53331
,,,,6191,68442,28490,41099,53376,91156,54018,148367,93102,53331
,,,,6192,68442,28490,41099,53376,91156,54018,148367,93102,53331
,,,,6193,68442,28490,41099,53376,91156,54018,148367,93102,53331
,,,,6194,68442,28490,41099,53376,91156,54018,148367,93102,53331
,,,,6195,68442,28490,41099,53376,91156,54018,148367,93102,53331
,,,,6196,68442,28490,41099,53376,91156,54018,148367,93102,53331
,,,,6197,68442,28490,41099,53376,91156,54018,148367,93102,53331
,,,,6198,68442,28490,41099,53376,91156,54018,148367,93102,53331
,,,,6199,68442,28490,41099,53376,91156,54018,148367,93102,53331
,,,,6200,68442,28490,41099,53376,91156,54018,148367,93102,53331
,,,,6201,68442,28490,41099,53376,91156,54018,148367,93102,53331
,,,,6202,68442,28490,41099,53376,91156,54018,148367,93102,53331
,,,,6203,68442,28490,41099,53376,91156,54018,148367,93102,53331
,,,,6204,68442,28490,41099,53376,91156,54018,148367,93102,53331
,,,,6205,68442,28490,41099,53376,91156,54018,148367,93102,53331
,,,,6206,68442,28490,41099,53376,91156,54018,148367,93102,53331
,,,,6207,68442,28490,41099,53376,91156,54018,148367,93102,53331
,,,,6208,68442,28490,41099,53376,91156,54018,148367,93102,53331
,,,,6209,68442,28490,41099,53376,91156,54018,148367,93102,53331
,,,,6210,68442,28490,41099,53376,91156,54018,148367,93102,53331
,,,,6211,68442,28490,41099,53376,91156,54018,148367,93102,53331
,,,,6212,68442,28490,41099,53376,91156,54018,148367,93102,53331
,,,,6213,68442,28490,41099,53376,91156,54018,148367,93102,53331
,,,,6214,68442,28490,41099,53376,91156,54018,148367,93102,53331
,,,,6215,68442,28490,41099,53376,91156,54018,148367,93102,53331
,,,,6216,68442,28490,41099,53376,91156,54018,148367,93102,53331
,,,,6217,68442,28490,41099,53376,91156,54018,148367,93102,53331
,,,,6218,68442,28490,41099,53376,91156,54018,148367,93102,53331
,,,,6219,68442,28490,41099,53376,91156,54018,148367,93102,53331
,,,,6220,68442,28490,41099,53376,91156,54018,148367,93102,53331
,,,,6221,68442,28490,41099,53376,91156,54018,148367,93102,53331
,,,,6222,68442,28490,41099,53376,91156,54018,148367,93102,53331
,,,,6223,68442,28490,41099,53376,91156,54018,148367,93102,53331
,,,,6224,68442,28490,41099,53376,91156,54018,148367,93102,53331
,,,,6225,68442,28490,41099,53376,91156,54018,148367,93102,53331
,,,,6226,68442,28490,41099,53376,91156,54018,148367,93102,53331
,,,,6227,68442,28490,41099,53376,91156,54018,148367,93102,53331
,,,,6228,68442,28490,41099,53376,91156,54018,148367,93102,53331
,,,,6229,68442,28490,41099,53376,91156,54018,148367,93102,53331
,,,,6230,68442,28490,41099,53376,91156,54018,148367,93102,53331
,,,,6231,68442,28490,41099,53376,91156,54018,148367,93102,53331
,,,,6232,68442,28490,41099,53376,91156,54018,148367,93102,53331
,,,,6233,68442,28490,41099,53376,91156,54018,148367,93102,53331
,,,,6234,68442,28490,41099,53376,91156,54018,148367,93102,53331
,,,,6235,68442,28490,41099,53376,91156,54018,148367,93102,53331
,,,,6236,68442,28490,41099,53376,91156,54018,148367,93102,53331
,,,,6237,68442,28490,41099,53376,91156,54018,148367,93102,53331
,,,,6238,68442,28490,41099,53376,91156,54018,148367,93102,53331
,,,,6239,68442,28490,41099,53376,91156,54018,148367,93102,53331
,,,,6240,68442,28490,41099,53376,91156,54018,148367,93102,53331
,,,,6241,68442,28490,41099,53376,91156,54018,148367,93102,53331
,,,,6242,68442,28490,41099,53376,91156,54018,148367,93102,53331
,,,,6243,68442,28490,41099,53376,91156,54018,148367,93102,53331
,,,,6244,68442,28490,41099,53376,91156,54018,148367,93102,53331
,,,,6245,68442,28490,41099,53376,91156,54018,148367,93102,53331
,,,,6246,68442,28490,41099,53376,91156,54018,148367,93102,53331
,,,,6247,68442,28490,41099,53376,91156,54018,148367,93102,53331
,,,,6248,68442,28490,41099,53376,91156,54018,148367,93102,53331
,,,,6249,68442,28490,41099,53376,91156,54018,148367,93102,53331
,,,,6250,68442,28490,41099,53376,91156,54018,148367,93102,53331
,,,,6251,68442,28490,41099,53376,91156,54018,148367,93102,53331
,,,,6252,68442,28490,41099,53376,91156,54018,148367,93102,53331
,,,,6253,68442,28490,41099,53376,91156,54018,148367,93102,53331
,,,,6254,68442,28490,41099,53376,91156,54018,148367,93102,53331
,,,,6255,68442,28490,41099,53376,91156,54018,148367,93102,53331
,,,,6256,68442,28490,41099,53376,91156,54018,148367,93102,53331
,,,,6257,68442,28490,41099,53376,91156,54018,148367,93102,53331
,,,,6258,68442,28490,41099,53376,91156,54018,148367,93102,53331
,,,,6259,68442,28490,41099,53376,91156,54018,148367,93102,53331
,,,,6260,68442,28490,41099,53376,91156,54018,148367,93102,53331
,,,,6261,68442,28490,41099,53376,91156,54018,148367,93102,53331
,,,,6262,68442,28490,41099,53376,91156,54018,148367,93102,53331
,,,,6263,68442,28490,41099,53376,91156,54018,148367,93102,53331
,,,,6264,68442,28490,41099,53376,91156,54018,148367,93102,53331
,,,,6265,68442,28490,41099,53376,91156,54018,148367,93102,53331
,,,,6266,68442,28490,41099,53376,91156,54018,148367,93102,53331
,,,,6267,68442,28490,41099,53376,91156,54018,148367,93102,53331
,,,,6268,68442,28490,41099,53376,91156,54018,148367,93102,53331
,,,,6269,68442,28490,41099,53376,91156,54018,148367,93102,53331
,,,,6270,68442,28490,41099,53376,91156,54018,148367,93102,53331
,,,,6271,68442,28490,41099,53376,91156,54018,148367,93102,53331
,,,,6272,68442,28490,41099,53376,91156,54018,148367,93102,53331
,,,,6273,68442,28490,41099,53376,91156,54018,148367,93102,53331
,,,,6274,68442,28490,41099,53376,91156,54018,148367,93102,53331
,,,,6275,68442,28490,41099,53376,91156,54018,148367,93102,53331
,,,,6276,68442,28490,41099,53376,91156,54018,148367,93102,53331
,,,,6277,68442,28490,41099,53376,91156,54018,148367,93102,53331
,,,,6278,68442,28490,41099,53376,91156,54018,148367,93102,53331
,,,,6279,68442,28490,41099,53376,91156,54018,148367,93102,53331
,,,,6280,68442,28490,41099,53376,91156,54018,148367,93102,53331
,,,,6281,68442,28490,41099,53376,91156,54018,148367,93102,53331
,,,,6282,68442,28490,41099,53376,91156,54018,148367,93102,53331
,,,,6283,68442,28490,41099,53376,91156,54018,148367,93102,53331
,,,,6284,68442,28490,41099,53376,91156,54018,148367,93102,53331
,,,,6285,68442,28490,41099,53376,91156,54018,148367,93102,53331
,,,,6286,68442,28490,41099,53376,91156,54018,148367,93102,53331
,,,,6287,68442,28490,41099,53376,91156,54018,148367,93102,53331
,,,,6288,68442,28490,41099,53376,91156,54018,148367,93102,53331
,,,,6289,68442,28490,41099,53376,91156,54018,148367,93102,53331
,,,,6290,68442,28490,41099,53376,91156,54018,148367,93102,53331
,,,,6291,68442,28490,41099,53376,91156,54018,148367,93102,53331
,,,,6292,68442,28490,41099,53376,91156,54018,148367,93102,53331
,,,,6293,68442,28490,41099,53376,91156,54018,148367,93102,53331
,,,,6294,68442,28490,41099,53376,91156,54018,148367,93102,53331
,,,,6295,68442,28490,41099,53376,91156,54018,148367,93102,53331
,,,,6296,68442,28490,41099,53376,91156,54018,148367,93102,53331
,,,,6297,68442,28490,41099,53376,91156,54018,148367,93102,53331
,,,,6298,68442,28490,41099,53376,91156,54018,148367,93102,53331
,,,,6299,68442,28490,41099,53376,91156,54018,148367,93102,53331
,,,,6300,68442,28490,41099,53376,91156,54018,148367,93102,53331
,,,,6301,68442,28490,41099,53376,91156,54018,148367,93102,53331
,,,,6302,68442,28490,41099,53376,91156,54018,148367,93102,53331
,,,,6303,68442,28490,41099,53376,91156,54018,148367,93102,53331
,,,,6304,68442,28490,41099,53376,91156,54018,148367,93102,53331
,,,,6305,68442,28490,41099,53376,91156,54018,148367,93102,53331
,,,,6306,68442,28490,41099,53376,91156,54018,148367,93102,53331
,,,,6307,68442,28490,41099,53376,91156,54018,148367,93102,53331
,,,,6308,68442,28490,41099,53376,91156,54018,148367,93102,53331
,,,,6309,68442,28490,41099,53376,91156,54018,148367,93102,53331
,,,,6310,68442,28490,41099,53376,91156,54018,148367,93102,53331
,,,,6311,68442,28490,41099,53376,91156,54018,148367,93102,53331
,,,,6312,68442,28490,41099,53376,91156,54018,148367,93102,53331
,,,,6313,68442,28490,41099,53376,91156,54018,148367,93102,53331
,,,,6314,68442,28490,41099,53376,91156,54018,148367,93102,53331
,,,,6315,68442,28490,41099,53376,91156,54018,148367,93102,53331
,,,,6316,68442,28490,41099,53376,91156,54018,148367,93102,53331
,,,,6317,68442,28490,41099,53376,91156,54018,148367,93102,53331
,,,,6318,68442,28490,41099,53376,91156,54018,148367,93102,53331
,,,,6319,68442,28490,41099,53376,91156,54018,148367,93102,53331
,,,,6320,68442,28490,41099,53376,91156,54018,148367,93102,53331
,,,,6321,68442,28490,41099,53376,91156,54018,148367,93102,53331
,,,,6322,68442,28490,41099,53376,91156,54018,148367,93102,53331
,,,,6323,68442,28490,41099,53376,91156,54018,148367,93102,53331
,,,,6324,68442,28490,41099,53376,91156,54018,148367,93102,53331
,,,,6325,68442,28490,41099,53376,91156,54018,148367,93102,53331
,,,,6326,68442,28490,41099,53376,91156,54018,148367,93102,53331
,,,,6327,68442,28490,41099,53376,91156,54018,148367,93102,53331
,,,,6328,68442,28490,41099,53376,91156,54018,148367,93102,53331
,,,,6329,68442,28490,41099,53376,91156,54018,148367,93102,53331
,,,,6330,68442,28490,41099,53376,91156,54018,148367,93102,53331
,,,,6331,68442,28490,41099,53376,91156,54018,148367,93102,53331
,,,,6332,68442,28490,41099,53376,91156,54018,148367,93102,53331
,,,,6333,68442,28490,41099,53376,91156,54018,148367,93102,53331
,,,,6334,68442,28490,41099,53376,91156,54018,148367,93102,53331
,,,,6335,68442,28490,41099,53376,91156,54018,148367,93102,53331
,,,,6336,68442,28490,41099,53376,91156,54018,148367,93102,53331
,,,,6337,68442,28490,41099,53376,91156,54018,148367,93102,53331
,,,,6338,68442,28490,41099,53376,91156,54018,148367,93102,53331
,,,,6339,68442,28490,41099,53376,91156,54018,148367,93102,53331
,,,,6340,68442,28490,41099,53376,91156,54018,148367,93102,53331
,,,,6341,68442,28490,41099,53376,91156,54018,148367,93102,53331
,,,,6342,68442,28490,41099,53376,91156,54018,148367,93102,53331
,,,,6343,68442,28490,41099,53376,91156,54018,148367,93102,53331
,,,,6344,68442,28490,41099,53376,91156,54018,148367,93102,53331
,,,,6345,68442,28490,41099,53376,91156,54018,148367,93102,53331
,,,,6346,68442,28490,41099,53376,91156,54018,148367,93102,53331
,,,,6347,68442,28490,41099,53376,91156,54018,148367,93102,53331
,,,,6348,68442,28490,41099,53376,91156,54018,148367,93102,53331
,,,,6349,68442,28490,41099,53376,91156,54018,148367,93102,53331
,,,,6350,68442,28490,41099,53376,91156,54018,148367,93102,53331
,,,,6351,68442,28490,41099,53376,91156,54018,148367,93102,53331
,,,,6352,68442,28490,41099,53376,91156,54018,148367,93102,53331
,,,,6353,68442,28490,41099,53376,91156,54018,148367,93102,53331
,,,,6354,68442,28490,41099,53376,91156,54018,148367,93102,53331
,,,,6355,68442,28490,41099,53376,91156,54018,148367,93102,53331
,,,,6356,68442,28490,41099,53376,91156,54018,148367,93102,53331
,,,,6357,68442,28490,41099,53376,91156,54018,148367,93102,53331
,,,,6358,68442,28490,41099,53376,91156,54018,148367,93102,53331
,,,,6359,68442,28490,41099,53376,91156,54018,148367,93102,53331
,,,,6360,68442,28490,41099,53376,91156,54018,148367,93102,53331
,,,,6361,68442,28490,41099,53376,91156,54018,148367,93102,53331
,,,,6362,68442,28490,41099,53376,91156,54018,148367,93102,53331
,,,,6363,68442,28490,41099,53376,91156,54018,148367,93102,53331
,,,,6364,68442,28490,41099,53376,91156,54018,148367,93102,53331
,,,,6365,68442,28490,41099,53376,91156,54018,148367,93102,53331
,,,,6366,68442,28490,41099,53376,91156,54018,148367,93102,53331
,,,,6367,68442,28490,41099,53376,91156,54018,148367,93102,53331
,,,,6368,68442,28490,41099,53376,91156,54018,148367,93102,53331
,,,,6369,68442,28490,41099,53376,91156,54018,148367,93102,53331
,,,,6370,68442,28490,41099,53376,91156,54018,148367,93102,53331
,,,,6371,68442,28490,41099,53376,91156,54018,148367,93102,53331
,,,,6372,68442,28490,41099,53376,91156,54018,148367,93102,53331
,,,,6373,68442,28490,41099,53376,91156,54018,148367,93102,53331
,,,,6374,68442,28490,41099,53376,91156,54018,148367,93102,53331
,,,,6375,68442,28490,41099,53376,91156,54018,148367,93102,53331
,,,,6376,68442,28490,41099,53376,91156,54018,148367,93102,53331
,,,,6377,68442,28490,41099,53376,91156,54018,148367,93102,53331
,,,,6378,68442,28490,41099,53376,91156,54018,148367,93102,53331
,,,,6379,68442,28490,41099,53376,91156,54018,148367,93102,53331
,,,,6380,68442,28490,41099,53376,91156,54018,148367,93102,53331
,,,,6381,68442,28490,41099,53376,91156,54018,148367,93102,53331
,,,,6382,68442,28490,41099,53376,91156,54018,148367,93102,53331
,,,,6383,68442,28490,41099,53376,91156,54018,148367,93102,53331
,,,,6384,68442,28490,41099,53376,91156,54018,148367,93102,53331
,,,,6385,68442,28490,41099,53376,91156,54018,148367,93102,53331
,,,,6386,68442,28490,41099,53376,91156,54018,148367,93102,53331
,,,,6387,68442,28490,41099,53376,91156,54018,148367,93102,53331
,,,,6388,68442,28490,41099,53376,91156,54018,148367,93102,53331
,,,,6389,68442,28490,41099,53376,91156,54018,148367,93102,53331
,,,,6390,68442,28490,41099,53376,91156,54018,148367,93102,53331
,,,,6391,68442,28490,41099,53376,91156,54018,148367,93102,53331
,,,,6392,68442,28490,41099,53376,91156,54018,148367,93102,53331
,,,,6393,68442,28490,41099,53376,91156,54018,148367,93102,53331
,,,,6394,68442,28490,41099,53376,91156,54018,148367,93102,53331
,,,,6395,68442,28490,41099,53376,91156,54018,148367,93102,53331
,,,,6396,68442,28490,41099,53376,91156,54018,148367,93102,53331
,,,,6397,68442,28490,41099,53376,91156,54018,148367,93102,53331
,,,,6398,68442,28490,41099,53376,91156,54018,148367,93102,53331
,,,,6399,68442,28490,41099,53376,91156,54018,148367,93102,53331
,,,,6400,68442,28490,41099,53376,91156,54018,148367,93102,53331
,,,,6401,68442,28490,41099,53376,91156,54018,148367,93102,53331
,,,,6402,68442,28490,41099,53376,91156,54018,148367,93102,53331
,,,,6403,68442,28490,41099,53376,91156,54018,148367,93102,53331
,,,,6404,68442,28490,41099,53376,91156,54018,148367,93102,53331
,,,,6405,68442,28490,41099,53376,91156,54018,148367,93102,53331
,,,,6406,68442,28490,41099,53376,91156,54018,148367,93102,53331
,,,,6407,68442,28490,41099,53376,91156,54018,148367,93102,53331
,,,,6408,68442,28490,41099,53376,91156,54018,148367,93102,53331
,,,,6409,68442,28490,41099,53376,91156,54018,148367,93102,53331
,,,,6410,68442,28490,41099,53376,91156,54018,148367,93102,53331
,,,,6411,68442,28490,41099,53376,91156,54018,148367,93102,53331
,,,,6412,68442,28490,41099,53376,91156,54018,148367,93102,53331
,,,,6413,68442,28490,41099,53376,91156,54018,148367,93102,53331
,,,,6414,68442,28490,41099,53376,91156,54018,148367,93102,53331
,,,,6415,68442,28490,41099,53376,91156,54018,148367,93102,53331
,,,,6416,68442,28490,41099,53376,91156,54018,148367,93102,53331
,,,,6417,68442,28490,41099,53376,91156,54018,148367,93102,53331
,,,,6418,68442,28490,41099,53376,91156,54018,148367,93102,53331
,,,,6419,68442,28490,41099,53376,91156,54018,148367,93102,53331
,,,,6420,68442,28490,41099,53376,91156,54018,148367,93102,53331
,,,,6421,68442,28490,41099,53376,91156,54018,148367,93102,53331
,,,,6422,68442,28490,41099,53376,91156,54018,148367,93102,53331
,,,,6423,68442,28490,41099,53376,91156,54018,148367,93102,53331
,,,,6424,68442,28490,41099,53376,91156,54018,148367,93102,53331
,,,,6425,68442,28490,41099,53376,91156,54018,148367,93102,53331
,,,,6426,68442,28490,41099,53376,91156,54018,148367,93102,53331
,,,,6427,68442,28490,41099,53376,91156,54018,148367,93102,53331
,,,,6428,68442,28490,41099,53376,91156,54018,148367,93102,53331
,,,,6429,68442,28490,41099,53376,91156,54018,148367,93102,53331
,,,,6430,68442,28490,41099,53376,91156,54018,148367,93102,53331
,,,,6431,68442,28490,41099,53376,91156,54018,148367,93102,53331
,,,,6432,68442,28490,41099,53376,91156,54018,148367,93102,53331
,,,,6433,68442,28490,41099,53376,91156,54018,148367,93102,53331
,,,,6434,68442,28490,41099,53376,91156,54018,148367,93102,53331
,,,,6435,68442,28490,41099,53376,91156,54018,148367,93102,53331
,,,,6436,68442,28490,41099,53376,91156,54018,148367,93102,53331
,,,,6437,68442,28490,41099,53376,91156,54018,148367,93102,53331
,,,,6438,68442,28490,41099,53376,91156,54018,148367,93102,53331
,,,,6439,68442,28490,41099,53376,91156,54018,148367,93102,53331
,,,,6440,68442,28490,41099,53376,91156,54018,148367,93102,53331
,,,,6441,68442,28490,41099,53376,91156,54018,148367,93102,53331
,,,,6442,68442,28490,41099,53376,91156,54018,148367,93102,53331
,,,,6443,68442,28490,41099,53376,91156,54018,148367,93102,53331
,,,,6444,68442,28490,41099,53376,91156,54018,148367,93102,53331
,,,,6445,68442,28490,41099,53376,91156,54018,148367,93102,53331
,,,,6446,68442,28490,41099,53376,91156,54018,148367,93102,53331
,,,,6447,68442,28490,41099,53376,91156,54018,148367,93102,53331
,,,,6448,68442,28490,41099,53376,91156,54018,148367,93102,53331
,,,,6449,68442,28490,41099,53376,91156,54018,148367,93102,53331
,,,,6450,68442,28490,41099,53376,91156,54018,148367,93102,53331
,,,,6451,68442,28490,41099,53376,91156,54018,148367,93102,53331
,,,,6452,68442,28490,41099,53376,91156,54018,148367,93102,53331
,,,,6453,68442,28490,41099,53376,91156,54018,148367,93102,53331
,,,,6454,68442,28490,41099,53376,91156,54018,148367,93102,53331
,,,,6455,68442,28490,41099,53376,91156,54018,148367,93102,53331
,,,,6456,68442,28490,41099,53376,91156,54018,148367,93102,53331
,,,,6457,68442,28490,41099,53376,91156,54018,148367,93102,53331
,,,,6458,68442,28490,41099,53376,91156,54018,148367,93102,53331
,,,,6459,68442,28490,41099,53376,91156,54018,148367,93102,53331
,,,,6460,68442,28490,41099,53376,91156,54018,148367,93102,53331
,,,,6461,68442,28490,41099,53376,91156,54018,148367,93102,53331
,,,,6462,68442,28490,41099,53376,91156,54018,148367,93102,53331
,,,,6463,68442,28490,41099,53376,91156,54018,148367,93102,53331
,,,,6464,68442,28490,41099,53376,91156,54018,148367,93102,53331
,,,,6465,68442,28490,41099,53376,91156,54018,148367,93102,53331
,,,,6466,68442,28490,41099,53376,91156,54018,148367,93102,53331
,,,,6467,68442,28490,41099,53376,91156,54018,148367,93102,53331
,,,,6468,68442,28490,41099,53376,91156,54018,148367,93102,53331
,,,,6469,68442,28490,41099,53376,91156,54018,148367,93102,53331
,,,,6470,68442,28490,41099,53376,91156,54018,148367,93102,53331
,,,,6471,68442,28490,41099,53376,91156,54018,148367,93102,53331
,,,,6472,68442,28490,41099,53376,91156,54018,148367,93102,53331
,,,,6473,68442,28490,41099,53376,91156,54018,148367,93102,53331
,,,,6474,68442,28490,41099,53376,91156,54018,148367,93102,53331
,,,,6475,68442,28490,41099,53376,91156,54018,148367,93102,53331
,,,,6476,68442,28490,41099,53376,91156,54018,148367,93102,53331
,,,,6477,68442,28490,41099,53376,91156,54018,148367,93102,53331
,,,,6478,68442,28490,41099,53376,91156,54018,148367,93102,53331
,,,,6479,68442,28490,41099,53376,91156,54018,148367,93102,53331
,,,,6480,68442,28490,41099,53376,91156,54018,148367,93102,53331
,,,,6481,68442,28490,41099,53376,91156,54018,148367,93102,53331
,,,,6482,68442,28490,41099,53376,91156,54018,148367,93102,53331
,,,,6483,68442,28490,41099,53376,91156,54018,148367,93102,53331
,,,,6484,68442,28490,41099,53376,91156,54018,148367,93102,53331
,,,,6485,68442,28490,41099,53376,91156,54018,148367,93102,53331
,,,,6486,68442,28490,41099,53376,91156,54018,148367,93102,53331
,,,,6487,68442,28490,41099,53376,91156,54018,148367,93102,53331
,,,,6488,68442,28490,41099,53376,91156,54018,148367,93102,53331
,,,,6489,68442,28490,41099,53376,91156,54018,148367,93102,53331
,,,,6490,68442,28490,41099,53376,91156,54018,148367,93102,53331
,,,,6491,68442,28490,41099,53376,91156,54018,148367,93102,53331
,,,,6492,68442,28490,41099,53376,91156,54018,148367,93102,53331
,,,,6493,68442,28490,41099,53376,91156,54018,148367,93102,53331
,,,,6494,68442,28490,41099,53376,91156,54018,148367,93102,53331
,,,,6495,68442,28490,41099,53376,91156,54018,148367,93102,53331
,,,,6496,68442,28490,41099,53376,91156,54018,148367,93102,53331
,,,,6497,68442,28490,41099,53376,91156,54018,148367,93102,53331
,,,,6498,68442,28490,41099,53376,91156,54018,148367,93102,53331
,,,,6499,68442,28490,41099,53376,91156,54018,148367,93102,53331
,,,,6500,68442,28490,41099,53376,91156,54018,148367,93102,53331
,,,,6501,68442,28490,41099,53376,91156,54018,148367,93102,53331
,,,,6502,68442,28490,41099,53376,91156,54018,148367,93102,53331
,,,,6503,68442,28490,41099,53376,91156,54018,148367,93102,53331
,,,,6504,68442,28490,41099,53376,91156,54018,148367,93102,53331
,,,,6505,68442,28490,41099,53376,91156,54018,148367,93102,53331
,,,,6506,68442,28490,41099,53376,91156,54018,148367,93102,53331
,,,,6507,68442,28490,41099,53376,91156,54018,148367,93102,53331
,,,,6508,68442,28490,41099,53376,91156,54018,148367,93102,53331
,,,,6509,68442,28490,41099,53376,91156,54018,148367,93102,53331
,,,,6510,68442,28490,41099,53376,91156,54018,148367,93102,53331
,,,,6511,68442,28490,41099,53376,91156,54018,148367,93102,53331
,,,,6512,68442,28490,41099,53376,91156,54018,148367,93102,53331
,,,,6513,68442,28490,41099,53376,91156,54018,148367,93102,53331
,,,,6514,68442,28490,41099,53376,91156,54018,148367,93102,53331
,,,,6515,68442,28490,41099,53376,91156,54018,148367,93102,53331
,,,,6516,68442,28490,41099,53376,91156,54018,148367,93102,53331
,,,,6517,68442,28490,41099,53376,91156,54018,148367,93102,53331
,,,,6518,68442,28490,41099,53376,91156,54018,148367,93102,53331
,,,,6519,68442,28490,41099,53376,91156,54018,148367,93102,53331
,,,,6520,68442,28490,41099,53376,91156,54018,148367,93102,53331
,,,,6521,68442,28490,41099,53376,91156,54018,148367,93102,53331
,,,,6522,68442,28490,41099,53376,91156,54018,148367,93102,53331
,,,,6523,68442,28490,41099,53376,91156,54018,148367,93102,53331
,,,,6524,68442,28490,41099,53376,91156,54018,148367,93102,53331
,,,,6525,68442,28490,41099,53376,91156,54018,148367,93102,53331
,,,,6526,68442,28490,41099,53376,91156,54018,148367,93102,53331
,,,,6527,68442,28490,41099,53376,91156,54018,148367,93102,53331
,,,,6528,68442,28490,41099,53376,91156,54018,148367,93102,53331
,,,,6529,68442,28490,41099,53376,91156,54018,148367,93102,53331
,,,,6530,68442,28490,41099,53376,91156,54018,148367,93102,53331
,,,,6531,68442,28490,41099,53376,91156,54018,148367,93102,53331
,,,,6532,68442,28490,41099,53376,91156,54018,148367,93102,53331
,,,,6533,68442,28490,41099,53376,91156,54018,148367,93102,53331
,,,,6534,68442,28490,41099,53376,91156,54018,148367,93102,53331
,,,,6535,68442,28490,41099,53376,91156,54018,148367,93102,53331
,,,,6536,68442,28490,41099,53376,91156,54018,148367,93102,53331
,,,,6537,68442,28490,41099,53376,91156,54018,148367,93102,53331
,,,,6538,68442,28490,41099,53376,91156,54018,148367,93102,53331
,,,,6539,68442,28490,41099,53376,91156,54018,148367,93102,53331
,,,,6540,68442,28490,41099,53376,91156,54018,148367,93102,53331
,,,,6541,68442,28490,41099,53376,91156,54018,148367,93102,53331
,,,,6542,68442,28490,41099,53376,91156,54018,148367,93102,53331
,,,,6543,68442,28490,41099,53376,91156,54018,148367,93102,53331
,,,,6544,68442,28490,41099,53376,91156,54018,148367,93102,53331
,,,,6545,68442,28490,41099,53376,91156,54018,148367,93102,53331
,,,,6546,68442,28490,41099,53376,91156,54018,148367,93102,53331
,,,,6547,68442,28490,41099,53376,91156,54018,148367,93102,53331
,,,,6548,68442,28490,41099,53376,91156,54018,148367,93102,53331
,,,,6549,68442,28490,41099,53376,91156,54018,148367,93102,53331
,,,,6550,68442,28490,41099,53376,91156,54018,148367,93102,53331
,,,,6551,68442,28490,41099,53376,91156,54018,148367,93102,53331
,,,,6552,68442,28490,41099,53376,91156,54018,148367,93102,53331
,,,,6553,68442,28490,41099,53376,91156,54018,148367,93102,53331
,,,,6554,68442,28490,41099,53376,91156,54018,148367,93102,53331
,,,,6555,68442,28490,41099,53376,91156,54018,148367,93102,53331
,,,,6556,68442,28490,41099,53376,91156,54018,148367,93102,53331
,,,,6557,68442,28490,41099,53376,91156,54018,148367,93102,53331
,,,,6558,68442,28490,41099,53376,91156,54018,148367,93102,53331
,,,,6559,68442,28490,41099,53376,91156,54018,148367,93102,53331
,,,,6560,68442,28490,41099,53376,91156,54018,148367,93102,53331
,,,,6561,68442,28490,41099,53376,91156,54018,148367,93102,53331
,,,,6562,68442,28490,41099,53376,91156,54018,148367,93102,53331
,,,,6563,68442,28490,41099,53376,91156,54018,148367,93102,53331
,,,,6564,68442,28490,41099,53376,91156,54018,148367,93102,53331
,,,,6565,68442,28490,41099,53376,91156,54018,148367,93102,53331
,,,,6566,68442,28490,41099,53376,91156,54018,148367,93102,53331
,,,,6567,68442,28490,41099,53376,91156,54018,148367,93102,53331
,,,,6568,68442,28490,41099,53376,91156,54018,148367,93102,53331
,,,,6569,68442,28490,41099,53376,91156,54018,148367,93102,53331
,,,,6570,68442,28490,41099,53376,91156,54018,148367,93102,53331
,,,,6571,68442,28490,41099,53376,91156,54018,148367,93102,53331
,,,,6572,68442,28490,41099,53376,91156,54018,148367,93102,53331
,,,,6573,68442,28490,41099,53376,91156,54018,148367,93102,53331
,,,,6574,68442,28490,41099,53376,91156,54018,148367,93102,53331
,,,,6575,68442,28490,41099,53376,91156,54018,148367,93102,53331
,,,,6576,68442,28490,41099,53376,91156,54018,148367,93102,53331
,,,,6577,68442,28490,41099,53376,91156,54018,148367,93102,53331
,,,,6578,68442,28490,41099,53376,91156,54018,148367,93102,53331
,,,,6579,68442,28490,41099,53376,91156,54018,148367,93102,53331
,,,,6580,68442,28490,41099,53376,91156,54018,148367,93102,53331
,,,,6581,68442,28490,41099,53376,91156,54018,148367,93102,53331
,,,,6582,68442,28490,41099,53376,91156,54018,148367,93102,53331
,,,,6583,68442,28490,41099,53376,91156,54018,148367,93102,53331
,,,,6584,68442,28490,41099,53376,91156,54018,148367,93102,53331
,,,,6585,68442,28490,41099,53376,91156,54018,148367,93102,53331
,,,,6586,68442,28490,41099,53376,91156,54018,148367,93102,53331
,,,,6587,68442,28490,41099,53376,91156,54018,148367,93102,53331
,,,,6588,68442,28490,41099,53376,91156,54018,148367,93102,53331
,,,,6589,68442,28490,41099,53376,91156,54018,148367,93102,53331
,,,,6590,68442,28490,41099,53376,91156,54018,148367,93102,53331
,,,,6591,68442,28490,41099,53376,91156,54018,148367,93102,53331
,,,,6592,68442,28490,41099,53376,91156,54018,148367,93102,53331
,,,,6593,68442,28490,41099,53376,91156,54018,148367,93102,53331
,,,,6594,68442,28490,41099,53376,91156,54018,148367,93102,53331
,,,,6595,68442,28490,41099,53376,91156,54018,148367,93102,53331
,,,,6596,68442,28490,41099,53376,91156,54018,148367,93102,53331
,,,,6597,68442,28490,41099,53376,91156,54018,148367,93102,53331
,,,,6598,68442,28490,41099,53376,91156,54018,148367,93102,53331
,,,,6599,68442,28490,41099,53376,91156,54018,148367,93102,53331
,,,,6600,68442,28490,41099,53376,91156,54018,148367,93102,53331
,,,,6601,68442,28490,41099,53376,91156,54018,148367,93102,53331
,,,,6602,68442,28490,41099,53376,91156,54018,148367,93102,53331
,,,,6603,68442,28490,41099,53376,91156,54018,148367,93102,53331
,,,,6604,68442,28490,41099,53376,91156,54018,148367,93102,53331
,,,,6605,68442,28490,41099,53376,91156,54018,148367,93102,53331
,,,,6606,68442,28490,41099,53376,91156,54018,148367,93102,53331
,,,,6607,68442,28490,41099,53376,91156,54018,148367,93102,53331
,,,,6608,68442,28490,41099,53376,91156,54018,148367,93102,53331
,,,,6609,68442,28490,41099,53376,91156,54018,148367,93102,53331
,,,,6610,68442,28490,41099,53376,91156,54018,148367,93102,53331
,,,,6611,68442,28490,41099,53376,91156,54018,148367,93102,53331
,,,,6612,68442,28490,41099,53376,91156,54018,148367,93102,53331
,,,,6613,68442,28490,41099,53376,91156,54018,148367,93102,53331
,,,,6614,68442,28490,41099,53376,91156,54018,148367,93102,53331
,,,,6615,68442,28490,41099,53376,91156,54018,148367,93102,53331
,,,,6616,68442,28490,41099,53376,91156,54018,148367,93102,53331
,,,,6617,68442,28490,41099,53376,91156,54018,148367,93102,53331
,,,,6618,68442,28490,41099,53376,91156,54018,148367,93102,53331
,,,,6619,68442,28490,41099,53376,91156,54018,148367,93102,53331
,,,,6620,68442,28490,41099,53376,91156,54018,148367,93102,53331
,,,,6621,68442,28490,41099,53376,91156,54018,148367,93102,53331
,,,,6622,68442,28490,41099,53376,91156,54018,148367,93102,53331
,,,,6623,68442,28490,41099,53376,91156,54018,148367,93102,53331
,,,,6624,68442,28490,41099,53376,91156,54018,148367,93102,53331
,,,,6625,68442,28490,41099,53376,91156,54018,148367,93102,53331
,,,,6626,68442,28490,41099,53376,91156,54018,148367,93102,53331
,,,,6627,68442,28490,41099,53376,91156,54018,148367,93102,53331
,,,,6628,68442,28490,41099,53376,91156,54018,148367,93102,53331
,,,,6629,68442,28490,41099,53376,91156,54018,148367,93102,53331
,,,,6630,68442,28490,41099,53376,91156,54018,148367,93102,53331
,,,,6631,68442,28490,41099,53376,91156,54018,148367,93102,53331
,,,,6632,68442,28490,41099,53376,91156,54018,148367,93102,53331
,,,,6633,68442,28490,41099,53376,91156,54018,148367,93102,53331
,,,,6634,68442,28490,41099,53376,91156,54018,148367,93102,53331
,,,,6635,68442,28490,41099,53376,91156,54018,148367,93102,53331
,,,,6636,68442,28490,41099,53376,91156,54018,148367,93102,53331
,,,,6637,68442,28490,41099,53376,91156,54018,148367,93102,53331
,,,,6638,68442,28490,41099,53376,91156,54018,148367,93102,53331
,,,,6639,68442,28490,41099,53376,91156,54018,148367,93102,53331
,,,,6640,68442,28490,41099,53376,91156,54018,148367,93102,53331
,,,,6641,68442,28490,41099,53376,91156,54018,148367,93102,53331
,,,,6642,68442,28490,41099,53376,91156,54018,148367,93102,53331
,,,,6643,68442,28490,41099,53376,91156,54018,148367,93102,53331
,,,,6644,68442,28490,41099,53376,91156,54018,148367,93102,53331
,,,,6645,68442,28490,41099,53376,91156,54018,148367,93102,53331
,,,,6646,68442,28490,41099,53376,91156,54018,148367,93102,53331
,,,,6647,68442,28490,41099,53376,91156,54018,148367,93102,53331
,,,,6648,68442,28490,41099,53376,91156,54018,148367,93102,53331
,,,,6649,68442,28490,41099,53376,91156,54018,148367,93102,53331
,,,,6650,68442,28490,41099,53376,91156,54018,148367,93102,53331
,,,,6651,68442,28490,41099,53376,91156,54018,148367,93102,53331
,,,,6652,68442,28490,41099,53376,91156,54018,148367,93102,53331
,,,,6653,68442,28490,41099,53376,91156,54018,148367,93102,53331
,,,,6654,68442,28490,41099,53376,91156,54018,148367,93102,53331
,,,,6655,68442,28490,41099,53376,91156,54018,148367,93102,53331
,,,,6656,68442,28490,41099,53376,91156,54018,148367,93102,53331
,,,,6657,68442,28490,41099,53376,91156,54018,148367,93102,53331
,,,,6658,68442,28490,41099,53376,91156,54018,148367,93102,53331
,,,,6659,68442,28490,41099,53376,91156,54018,148367,93102,53331
,,,,6660,68442,28490,41099,53376,91156,54018,148367,93102,53331
,,,,6661,68442,28490,41099,53376,91156,54018,148367,93102,53331
,,,,6662,68442,28490,41099,53376,91156,54018,148367,93102,53331
,,,,6663,68442,28490,41099,53376,91156,54018,148367,93102,53331
,,,,6664,68442,28490,41099,53376,91156,54018,148367,93102,53331
,,,,6665,68442,28490,41099,53376,91156,54018,148367,93102,53331
,,,,6666,68442,28490,41099,53376,91156,54018,148367,93102,53331
,,,,6667,68442,28490,41099,53376,91156,54018,148367,93102,53331
,,,,6668,68442,28490,41099,53376,91156,54018,148367,93102,53331
,,,,6669,68442,28490,41099,53376,91156,54018,148367,93102,53331
,,,,6670,68442,28490,41099,53376,91156,54018,148367,93102,53331
,,,,6671,68442,28490,41099,53376,91156,54018,148367,93102,53331
,,,,6672,68442,28490,41099,53376,91156,54018,148367,93102,53331
,,,,6673,68442,28490,41099,53376,91156,54018,148367,93102,53331
,,,,6674,68442,28490,41099,53376,91156,54018,148367,93102,53331
,,,,6675,68442,28490,41099,53376,91156,54018,148367,93102,53331
,,,,6676,68442,28490,41099,53376,91156,54018,148367,93102,53331
,,,,6677,68442,28490,41099,53376,91156,54018,148367,93102,53331
,,,,6678,68442,28490,41099,53376,91156,54018,148367,93102,53331
,,,,6679,68442,28490,41099,53376,91156,54018,148367,93102,53331
,,,,6680,68442,28490,41099,53376,91156,54018,148367,93102,53331
,,,,6681,68442,28490,41099,53376,91156,54018,148367,93102,53331
,,,,6682,68442,28490,41099,53376,91156,54018,148367,93102,53331
,,,,6683,68442,28490,41099,53376,91156,54018,148367,93102,53331
,,,,6684,68442,28490,41099,53376,91156,54018,148367,93102,53331
,,,,6685,68442,28490,41099,53376,91156,54018,148367,93102,53331
,,,,6686,68442,28490,41099,53376,91156,54018,148367,93102,53331
,,,,6687,68442,28490,41099,53376,91156,54018,148367,93102,53331
,,,,6688,68442,28490,41099,53376,91156,54018,148367,93102,53331
,,,,6689,68442,28490,41099,53376,91156,54018,148367,93102,53331
,,,,6690,68442,28490,41099,53376,91156,54018,148367,93102,53331
,,,,6691,68442,28490,41099,53376,91156,54018,148367,93102,53331
,,,,6692,68442,28490,41099,53376,91156,54018,148367,93102,53331
,,,,6693,68442,28490,41099,53376,91156,54018,148367,93102,53331
,,,,6694,68442,28490,41099,53376,91156,54018,148367,93102,53331
,,,,6695,68442,28490,41099,53376,91156,54018,148367,93102,53331
,,,,6696,68442,28490,41099,53376,91156,54018,148367,93102,53331
,,,,6697,68442,28490,41099,53376,91156,54018,148367,93102,53331
,,,,6698,68442,28490,41099,53376,91156,54018,148367,93102,53331
,,,,6699,68442,28490,41099,53376,91156,54018,148367,93102,53331
,,,,6700,68442,28490,41099,53376,91156,54018,148367,93102,53331
,,,,6701,68442,28490,41099,53376,91156,54018,148367,93102,53331
,,,,6702,68442,28490,41099,53376,91156,54018,148367,93102,53331
,,,,6703,68442,28490,41099,53376,91156,54018,148367,93102,53331
,,,,6704,68442,28490,41099,53376,91156,54018,148367,93102,53331
,,,,6705,68442,28490,41099,53376,91156,54018,148367,93102,53331
,,,,6706,68442,28490,41099,53376,91156,54018,148367,93102,53331
,,,,6707,68442,28490,41099,53376,91156,54018,148367,93102,53331
,,,,6708,68442,28490,41099,53376,91156,54018,148367,93102,53331
,,,,6709,68442,28490,41099,53376,91156,54018,148367,93102,53331
,,,,6710,68442,28490,41099,53376,91156,54018,148367,93102,53331
,,,,6711,68442,28490,41099,53376,91156,54018,148367,93102,53331
,,,,6712,68442,28490,41099,53376,91156,54018,148367,93102,53331
,,,,6713,68442,28490,41099,53376,91156,54018,148367,93102,53331
,,,,6714,68442,28490,41099,53376,91156,54018,148367,93102,53331
,,,,6715,68442,28490,41099,53376,91156,54018,148367,93102,53331
,,,,6716,68442,28490,41099,53376,91156,54018,148367,93102,53331
,,,,6717,68442,28490,41099,53376,91156,54018,148367,93102,53331
,,,,6718,68442,28490,41099,53376,91156,54018,148367,93102,53331
,,,,6719,68442,28490,41099,53376,91156,54018,148367,93102,53331
,,,,6720,68442,28490,41099,53376,91156,54018,148367,93102,53331
,,,,6721,68442,28490,41099,53376,91156,54018,148367,93102,53331
,,,,6722,68442,28490,41099,53376,91156,54018,148367,93102,53331
,,,,6723,68442,28490,41099,53376,91156,54018,148367,93102,53331
,,,,6724,68442,28490,41099,53376,91156,54018,148367,93102,53331
,,,,6725,68442,28490,41099,53376,91156,54018,148367,93102,53331
,,,,6726,68442,28490,41099,53376,91156,54018,148367,93102,53331
,,,,6727,68442,28490,41099,53376,91156,54018,148367,93102,53331
,,,,6728,68442,28490,41099,53376,91156,54018,148367,93102,53331
,,,,6729,68442,28490,41099,53376,91156,54018,148367,93102,53331
,,,,6730,68442,28490,41099,53376,91156,54018,148367,93102,53331
,,,,6731,68442,28490,41099,53376,91156,54018,148367,93102,53331
,,,,6732,68442,28490,41099,53376,91156,54018,148367,93102,53331
,,,,6733,68442,28490,41099,53376,91156,54018,148367,93102,53331
,,,,6734,68442,28490,41099,53376,91156,54018,148367,93102,53331
,,,,6735,68442,28490,41099,53376,91156,54018,148367,93102,53331
,,,,6736,68442,28490,41099,53376,91156,54018,148367,93102,53331
,,,,6737,68442,28490,41099,53376,91156,54018,148367,93102,53331
,,,,6738,68442,28490,41099,53376,91156,54018,148367,93102,53331
,,,,6739,68442,28490,41099,53376,91156,54018,148367,93102,53331
,,,,6740,68442,28490,41099,53376,91156,54018,148367,93102,53331
,,,,6741,68442,28490,41099,53376,91156,54018,148367,93102,53331
,,,,6742,68442,28490,41099,53376,91156,54018,148367,93102,53331
,,,,6743,68442,28490,41099,53376,91156,54018,148367,93102,53331
,,,,6744,68442,28490,41099,53376,91156,54018,148367,93102,53331
,,,,6745,68442,28490,41099,53376,91156,54018,148367,93102,53331
,,,,6746,68442,28490,41099,53376,91156,54018,148367,93102,53331
,,,,6747,68442,28490,41099,53376,91156,54018,148367,93102,53331
,,,,6748,68442,28490,41099,53376,91156,54018,148367,93102,53331
,,,,6749,68442,28490,41099,53376,91156,54018,148367,93102,53331
,,,,6750,68442,28490,41099,53376,91156,54018,148367,93102,53331
,,,,6751,68442,28490,41099,53376,91156,54018,148367,93102,53331
,,,,6752,68442,28490,41099,53376,91156,54018,148367,93102,53331
,,,,6753,68442,28490,41099,53376,91156,54018,148367,93102,53331
,,,,6754,68442,28490,41099,53376,91156,54018,148367,93102,53331
,,,,6755,68442,28490,41099,53376,91156,54018,148367,93102,53331
,,,,6756,68442,28490,41099,53376,91156,54018,148367,93102,53331
,,,,6757,68442,28490,41099,53376,91156,54018,148367,93102,53331
,,,,6758,68442,28490,41099,53376,91156,54018,148367,93102,53331
,,,,6759,68442,28490,41099,53376,91156,54018,148367,93102,53331
,,,,6760,68442,28490,41099,53376,91156,54018,148367,93102,53331
,,,,6761,68442,28490,41099,53376,91156,54018,148367,93102,53331
,,,,6762,68442,28490,41099,53376,91156,54018,148367,93102,53331
,,,,6763,68442,28490,41099,53376,91156,54018,148367,93102,53331
,,,,6764,68442,28490,41099,53376,91156,54018,148367,93102,53331
,,,,6765,68442,28490,41099,53376,91156,54018,148367,93102,53331
,,,,6766,68442,28490,41099,53376,91156,54018,148367,93102,53331
,,,,6767,68442,28490,41099,53376,91156,54018,148367,93102,53331
,,,,6768,68442,28490,41099,53376,91156,54018,148367,93102,53331
,,,,6769,68442,28490,41099,53376,91156,54018,148367,93102,53331
,,,,6770,68442,28490,41099,53376,91156,54018,148367,93102,53331
,,,,6771,68442,28490,41099,53376,91156,54018,148367,93102,53331
,,,,6772,68442,28490,41099,53376,91156,54018,148367,93102,53331
,,,,6773,68442,28490,41099,53376,91156,54018,148367,93102,53331
,,,,6774,68442,28490,41099,53376,91156,54018,148367,93102,53331
,,,,6775,68442,28490,41099,53376,91156,54018,148367,93102,53331
,,,,6776,68442,28490,41099,53376,91156,54018,148367,93102,53331
,,,,6777,68442,28490,41099,53376,91156,54018,148367,93102,53331
,,,,6778,68442,28490,41099,53376,91156,54018,148367,93102,53331
,,,,6779,68442,28490,41099,53376,91156,54018,148367,93102,53331
,,,,6780,68442,28490,41099,53376,91156,54018,148367,93102,53331
,,,,6781,68442,28490,41099,53376,91156,54018,148367,93102,53331
,,,,6782,68442,28490,41099,53376,91156,54018,148367,93102,53331
,,,,6783,68442,28490,41099,53376,91156,54018,148367,93102,53331
,,,,6784,68442,28490,41099,53376,91156,54018,148367,93102,53331
,,,,6785,68442,28490,41099,53376,91156,54018,148367,93102,53331
,,,,6786,68442,28490,41099,53376,91156,54018,148367,93102,53331
,,,,6787,68442,28490,41099,53376,91156,54018,148367,93102,53331
,,,,6788,68442,28490,41099,53376,91156,54018,148367,93102,53331
,,,,6789,68442,28490,41099,53376,91156,54018,148367,93102,53331
,,,,6790,68442,28490,41099,53376,91156,54018,148367,93102,53331
,,,,6791,68442,28490,41099,53376,91156,54018,148367,93102,53331
,,,,6792,68442,28490,41099,53376,91156,54018,148367,93102,53331
,,,,6793,68442,28490,41099,53376,91156,54018,148367,93102,53331
,,,,6794,68442,28490,41099,53376,91156,54018,148367,93102,53331
,,,,6795,68442,28490,41099,53376,91156,54018,148367,93102,53331
,,,,6796,68442,28490,41099,53376,91156,54018,148367,93102,53331
,,,,6797,68442,28490,41099,53376,91156,54018,148367,93102,53331
,,,,6798,68442,28490,41099,53376,91156,54018,148367,93102,53331
,,,,6799,68442,28490,41099,53376,91156,54018,148367,93102,53331
,,,,6800,68442,28490,41099,53376,91156,54018,148367,93102,53331
,,,,6801,68442,28490,41099,53376,91156,54018,148367,93102,53331
,,,,6802,68442,28490,41099,53376,91156,54018,148367,93102,53331
,,,,6803,68442,28490,41099,53376,91156,54018,148367,93102,53331
,,,,6804,68442,28490,41099,53376,91156,54018,148367,93102,53331
,,,,6805,68442,28490,41099,53376,91156,54018,148367,93102,53331
,,,,6806,68442,28490,41099,53376,91156,54018,148367,93102,53331
,,,,6807,68442,28490,41099,53376,91156,54018,148367,93102,53331
,,,,6808,68442,28490,41099,53376,91156,54018,148367,93102,53331
,,,,6809,68442,28490,41099,53376,91156,54018,148367,93102,53331
,,,,6810,68442,28490,41099,53376,91156,54018,148367,93102,53331
,,,,6811,68442,28490,41099,53376,91156,54018,148367,93102,53331
,,,,6812,68442,28490,41099,53376,91156,54018,148367,93102,53331
,,,,6813,68442,28490,41099,53376,91156,54018,148367,93102,53331
,,,,6814,68442,28490,41099,53376,91156,54018,148367,93102,53331
,,,,6815,68442,28490,41099,53376,91156,54018,148367,93102,53331
,,,,6816,68442,28490,41099,53376,91156,54018,148367,93102,53331
,,,,6817,68442,28490,41099,53376,91156,54018,148367,93102,53331
,,,,6818,68442,28490,41099,53376,91156,54018,148367,93102,53331
,,,,6819,68442,28490,41099,53376,91156,54018,148367,93102,53331
,,,,6820,68442,28490,41099,53376,91156,54018,148367,93102,53331
,,,,6821,68442,28490,41099,53376,91156,54018,148367,93102,53331
,,,,6822,68442,28490,41099,53376,91156,54018,148367,93102,53331
,,,,6823,68442,28490,41099,53376,91156,54018,148367,93102,53331
,,,,6824,68442,28490,41099,53376,91156,54018,148367,93102,53331
,,,,6825,68442,28490,41099,53376,91156,54018,148367,93102,53331
,,,,6826,68442,28490,41099,53376,91156,54018,148367,93102,53331
,,,,6827,68442,28490,41099,53376,91156,54018,148367,93102,53331
,,,,6828,68442,28490,41099,53376,91156,54018,148367,93102,53331
,,,,6829,68442,28490,41099,53376,91156,54018,148367,93102,53331
,,,,6830,68442,28490,41099,53376,91156,54018,148367,93102,53331
,,,,6831,68442,28490,41099,53376,91156,54018,148367,93102,53331
,,,,6832,68442,28490,41099,53376,91156,54018,148367,93102,53331
,,,,6833,68442,28490,41099,53376,91156,54018,148367,93102,53331
,,,,6834,68442,28490,41099,53376,91156,54018,148367,93102,53331
,,,,6835,68442,28490,41099,53376,91156,54018,148367,93102,53331
,,,,6836,68442,28490,41099,53376,91156,54018,148367,93102,53331
,,,,6837,68442,28490,41099,53376,91156,54018,148367,93102,53331
,,,,6838,68442,28490,41099,53376,91156,54018,148367,93102,53331
,,,,6839,68442,28490,41099,53376,91156,54018,148367,93102,53331
,,,,6840,68442,28490,41099,53376,91156,54018,148367,93102,53331
,,,,6841,68442,28490,41099,53376,91156,54018,148367,93102,53331
,,,,6842,68442,28490,41099,53376,91156,54018,148367,93102,53331
,,,,6843,68442,28490,41099,53376,91156,54018,148367,93102,53331
,,,,6844,68442,28490,41099,53376,91156,54018,148367,93102,53331
,,,,6845,68442,28490,41099,53376,91156,54018,148367,93102,53331
,,,,6846,68442,28490,41099,53376,91156,54018,148367,93102,53331
,,,,6847,68442,28490,41099,53376,91156,54018,148367,93102,53331
,,,,6848,68442,28490,41099,53376,91156,54018,148367,93102,53331
,,,,6849,68442,28490,41099,53376,91156,54018,148367,93102,53331
,,,,6850,68442,28490,41099,53376,91156,54018,148367,93102,53331
,,,,6851,68442,28490,41099,53376,91156,54018,148367,93102,53331
,,,,6852,68442,28490,41099,53376,91156,54018,148367,93102,53331
,,,,6853,68442,28490,41099,53376,91156,54018,148367,93102,53331
,,,,6854,68442,28490,41099,53376,91156,54018,148367,93102,53331
,,,,6855,68442,28490,41099,53376,91156,54018,148367,93102,53331
,,,,6856,68442,28490,41099,53376,91156,54018,148367,93102,53331
,,,,6857,68442,28490,41099,53376,91156,54018,148367,93102,53331
,,,,6858,68442,28490,41099,53376,91156,54018,148367,93102,53331
,,,,6859,68442,28490,41099,53376,91156,54018,148367,93102,53331
,,,,6860,68442,28490,41099,53376,91156,54018,148367,93102,53331
,,,,6861,68442,28490,41099,53376,91156,54018,148367,93102,53331
,,,,6862,68442,28490,41099,53376,91156,54018,148367,93102,53331
,,,,6863,68442,28490,41099,53376,91156,54018,148367,93102,53331
,,,,6864,68442,28490,41099,53376,91156,54018,148367,93102,53331
,,,,6865,68442,28490,41099,53376,91156,54018,148367,93102,53331
,,,,6866,68442,28490,41099,53376,91156,54018,148367,93102,53331
,,,,6867,68442,28490,41099,53376,91156,54018,148367,93102,53331
,,,,6868,68442,28490,41099,53376,91156,54018,148367,93102,53331
,,,,6869,68442,28490,41099,53376,91156,54018,148367,93102,53331
,,,,6870,68442,28490,41099,53376,91156,54018,148367,93102,53331
,,,,6871,68442,28490,41099,53376,91156,54018,148367,93102,53331
,,,,6872,68442,28490,41099,53376,91156,54018,148367,93102,53331
,,,,6873,68442,28490,41099,53376,91156,54018,148367,93102,53331
,,,,6874,68442,28490,41099,53376,91156,54018,148367,93102,53331
,,,,6875,68442,28490,41099,53376,91156,54018,148367,93102,53331
,,,,6876,68442,28490,41099,53376,91156,54018,148367,93102,53331
,,,,6877,68442,28490,41099,53376,91156,54018,148367,93102,53331
,,,,6878,68442,28490,41099,53376,91156,54018,148367,93102,53331
,,,,6879,68442,28490,41099,53376,91156,54018,148367,93102,53331
,,,,6880,68442,28490,41099,53376,91156,54018,148367,93102,53331
,,,,6881,68442,28490,41099,53376,91156,54018,148367,93102,53331
,,,,6882,68442,28490,41099,53376,91156,54018,148367,93102,53331
,,,,6883,68442,28490,41099,53376,91156,54018,148367,93102,53331
,,,,6884,68442,28490,41099,53376,91156,54018,148367,93102,53331
,,,,6885,68442,28490,41099,53376,91156,54018,148367,93102,53331
,,,,6886,68442,28490,41099,53376,91156,54018,148367,93102,53331
,,,,6887,68442,28490,41099,53376,91156,54018,148367,93102,53331
,,,,6888,68442,28490,41099,53376,91156,54018,148367,93102,53331
,,,,6889,68442,28490,41099,53376,91156,54018,148367,93102,53331
,,,,6890,68442,28490,41099,53376,91156,54018,148367,93102,53331
,,,,6891,68442,28490,41099,53376,91156,54018,148367,93102,53331
,,,,6892,68442,28490,41099,53376,91156,54018,148367,93102,53331
,,,,6893,68442,28490,41099,53376,91156,54018,148367,93102,53331
,,,,6894,68442,28490,41099,53376,91156,54018,148367,93102,53331
,,,,6895,68442,28490,41099,53376,91156,54018,148367,93102,53331
,,,,6896,68442,28490,41099,53376,91156,54018,148367,93102,53331
,,,,6897,68442,28490,41099,53376,91156,54018,148367,93102,53331
,,,,6898,68442,28490,41099,53376,91156,54018,148367,93102,53331
,,,,6899,68442,28490,41099,53376,91156,54018,148367,93102,53331
,,,,6900,68442,28490,41099,53376,91156,54018,148367,93102,53331
,,,,6901,68442,28490,41099,53376,91156,54018,148367,93102,53331
,,,,6902,68442,28490,41099,53376,91156,54018,148367,93102,53331
,,,,6903,68442,28490,41099,53376,91156,54018,148367,93102,53331
,,,,6904,68442,28490,41099,53376,91156,54018,148367,93102,53331
,,,,6905,68442,28490,41099,53376,91156,54018,148367,93102,53331
,,,,6906,68442,28490,41099,53376,91156,54018,148367,93102,53331
,,,,6907,68442,28490,41099,53376,91156,54018,148367,93102,53331
,,,,6908,68442,28490,41099,53376,91156,54018,148367,93102,53331
,,,,6909,68442,28490,41099,53376,91156,54018,148367,93102,53331
,,,,6910,68442,28490,41099,53376,91156,54018,148367,93102,53331
,,,,6911,68442,28490,41099,53376,91156,54018,148367,93102,53331
,,,,6912,68442,28490,41099,53376,91156,54018,148367,93102,53331
,,,,6913,68442,28490,41099,53376,91156,54018,148367,93102,53331
,,,,6914,68442,28490,41099,53376,91156,54018,148367,93102,53331
,,,,6915,68442,28490,41099,53376,91156,54018,148367,93102,53331
,,,,6916,68442,28490,41099,53376,91156,54018,148367,93102,53331
,,,,6917,68442,28490,41099,53376,91156,54018,148367,93102,53331
,,,,6918,68442,28490,41099,53376,91156,54018,148367,93102,53331
,,,,6919,68442,28490,41099,53376,91156,54018,148367,93102,53331
,,,,6920,68442,28490,41099,53376,91156,54018,148367,93102,53331
,,,,6921,68442,28490,41099,53376,91156,54018,148367,93102,53331
,,,,6922,68442,28490,41099,53376,91156,54018,148367,93102,53331
,,,,6923,68442,28490,41099,53376,91156,54018,148367,93102,53331
,,,,6924,68442,28490,41099,53376,91156,54018,148367,93102,53331
,,,,6925,68442,28490,41099,53376,91156,54018,148367,93102,53331
,,,,6926,68442,28490,41099,53376,91156,54018,148367,93102,53331
,,,,6927,68442,28490,41099,53376,91156,54018,148367,93102,53331
,,,,6928,68442,28490,41099,53376,91156,54018,148367,93102,53331
,,,,6929,68442,28490,41099,53376,91156,54018,148367,93102,53331
,,,,6930,68442,28490,41099,53376,91156,54018,148367,93102,53331
,,,,6931,68442,28490,41099,53376,91156,54018,148367,93102,53331
,,,,6932,68442,28490,41099,53376,91156,54018,148367,93102,53331
,,,,6933,68442,28490,41099,53376,91156,54018,148367,93102,53331
,,,,6934,68442,28490,41099,53376,91156,54018,148367,93102,53331
,,,,6935,68442,28490,41099,53376,91156,54018,148367,93102,53331
,,,,6936,68442,28490,41099,53376,91156,54018,148367,93102,53331
,,,,6937,68442,28490,41099,53376,91156,54018,148367,93102,53331
,,,,6938,68442,28490,41099,53376,91156,54018,148367,93102,53331
,,,,6939,68442,28490,41099,53376,91156,54018,148367,93102,53331
,,,,6940,68442,28490,41099,53376,91156,54018,148367,93102,53331
,,,,6941,68442,28490,41099,53376,91156,54018,148367,93102,53331
,,,,6942,68442,28490,41099,53376,91156,54018,148367,93102,53331
,,,,6943,68442,28490,41099,53376,91156,54018,148367,93102,53331
,,,,6944,68442,28490,41099,53376,91156,54018,148367,93102,53331
,,,,6945,68442,28490,41099,53376,91156,54018,148367,93102,53331
,,,,6946,68442,28490,41099,53376,91156,54018,148367,93102,53331
,,,,6947,68442,28490,41099,53376,91156,54018,148367,93102,53331
,,,,6948,68442,28490,41099,53376,91156,54018,148367,93102,53331
,,,,6949,68442,28490,41099,53376,91156,54018,148367,93102,53331
,,,,6950,68442,28490,41099,53376,91156,54018,148367,93102,53331
,,,,6951,68442,28490,41099,53376,91156,54018,148367,93102,53331
,,,,6952,68442,28490,41099,53376,91156,54018,148367,93102,53331
,,,,6953,68442,28490,41099,53376,91156,54018,148367,93102,53331
,,,,6954,68442,28490,41099,53376,91156,54018,148367,93102,53331
,,,,6955,68442,28490,41099,53376,91156,54018,148367,93102,53331
,,,,6956,68442,28490,41099,53376,91156,54018,148367,93102,53331
,,,,6957,68442,28490,41099,53376,91156,54018,148367,93102,53331
,,,,6958,68442,28490,41099,53376,91156,54018,148367,93102,53331
,,,,6959,68442,28490,41099,53376,91156,54018,148367,93102,53331
,,,,6960,68442,28490,41099,53376,91156,54018,148367,93102,53331
,,,,6961,68442,28490,41099,53376,91156,54018,148367,93102,53331
,,,,6962,68442,28490,41099,53376,91156,54018,148367,93102,53331
,,,,6963,68442,28490,41099,53376,91156,54018,148367,93102,53331
,,,,6964,68442,28490,41099,53376,91156,54018,148367,93102,53331
,,,,6965,68442,28490,41099,53376,91156,54018,148367,93102,53331
,,,,6966,68442,28490,41099,53376,91156,54018,148367,93102,53331
,,,,6967,68442,28490,41099,53376,91156,54018,148367,93102,53331
,,,,6968,68442,28490,41099,53376,91156,54018,148367,93102,53331
,,,,6969,68442,28490,41099,53376,91156,54018,148367,93102,53331
,,,,6970,68442,28490,41099,53376,91156,54018,148367,93102,53331
,,,,6971,68442,28490,41099,53376,91156,54018,148367,93102,53331
,,,,6972,68442,28490,41099,53376,91156,54018,148367,93102,53331
,,,,6973,68442,28490,41099,53376,91156,54018,148367,93102,53331
,,,,6974,68442,28490,41099,53376,91156,54018,148367,93102,53331
,,,,6975,68442,28490,41099,53376,91156,54018,148367,93102,53331
,,,,6976,68442,28490,41099,53376,91156,54018,148367,93102,53331
,,,,6977,68442,28490,41099,53376,91156,54018,148367,93102,53331
,,,,6978,68442,28490,41099,53376,91156,54018,148367,93102,53331
,,,,6979,68442,28490,41099,53376,91156,54018,148367,93102,53331
,,,,6980,68442,28490,41099,53376,91156,54018,148367,93102,53331
,,,,6981,68442,28490,41099,53376,91156,54018,148367,93102,53331
,,,,6982,68442,28490,41099,53376,91156,54018,148367,93102,53331
,,,,6983,68442,28490,41099,53376,91156,54018,148367,93102,53331
,,,,6984,68442,28490,41099,53376,91156,54018,148367,93102,53331
,,,,6985,68442,28490,41099,53376,91156,54018,148367,93102,53331
,,,,6986,68442,28490,41099,53376,91156,54018,148367,93102,53331
,,,,6987,68442,28490,41099,53376,91156,54018,148367,93102,53331
,,,,6988,68442,28490,41099,53376,91156,54018,148367,93102,53331
,,,,6989,68442,28490,41099,53376,91156,54018,148367,93102,53331
,,,,6990,68442,28490,41099,53376,91156,54018,148367,93102,53331
,,,,6991,68442,28490,41099,53376,91156,54018,148367,93102,53331
,,,,6992,68442,28490,41099,53376,91156,54018,148367,93102,53331
,,,,6993,68442,28490,41099,53376,91156,54018,148367,93102,53331
,,,,6994,68442,28490,41099,53376,91156,54018,148367,93102,53331
,,,,6995,68442,28490,41099,53376,91156,54018,148367,93102,53331
,,,,6996,68442,28490,41099,53376,91156,54018,148367,93102,53331
,,,,6997,68442,28490,41099,53376,91156,54018,148367,93102,53331
,,,,6998,68442,28490,41099,53376,91156,54018,148367,93102,53331
,,,,6999,68442,28490,41099,53376,91156,54018,148367,93102,53331
,,,,7000,68442,28490,41099,53376,91156,54018,148367,93102,53331
,,,,7001,68442,28490,41099,53376,91156,54018,148367,93102,53331
,,,,7002,68442,28490,41099,53376,91156,54018,148367,93102,53331
,,,,7003,68442,28490,41099,53376,91156,54018,148367,93102,53331
,,,,7004,68442,28490,41099,53376,91156,54018,148367,93102,53331
,,,,7005,68442,28490,41099,53376,91156,54018,148367,93102,53331
,,,,7006,68442,28490,41099,53376,91156,54018,148367,93102,53331
,,,,7007,68442,28490,41099,53376,91156,54018,148367,93102,53331
,,,,7008,68442,28490,41099,53376,91156,54018,148367,93102,53331
,,,,7009,68442,28490,41099,53376,91156,54018,148367,93102,53331
,,,,7010,68442,28490,41099,53376,91156,54018,148367,93102,53331
,,,,7011,68442,28490,41099,53376,91156,54018,148367,93102,53331
,,,,7012,68442,28490,41099,53376,91156,54018,148367,93102,53331
,,,,7013,68442,28490,41099,53376,91156,54018,148367,93102,53331
,,,,7014,68442,28490,41099,53376,91156,54018,148367,93102,53331
,,,,7015,68442,28490,41099,53376,91156,54018,148367,93102,53331
,,,,7016,68442,28490,41099,53376,91156,54018,148367,93102,53331
,,,,7017,68442,28490,41099,53376,91156,54018,148367,93102,53331
,,,,7018,68442,28490,41099,53376,91156,54018,148367,93102,53331
,,,,7019,68442,28490,41099,53376,91156,54018,148367,93102,53331
,,,,7020,68442,28490,41099,53376,91156,54018,148367,93102,53331
,,,,7021,68442,28490,41099,53376,91156,54018,148367,93102,53331
,,,,7022,68442,28490,41099,53376,91156,54018,148367,93102,53331
,,,,7023,68442,28490,41099,53376,91156,54018,148367,93102,53331
,,,,7024,68442,28490,41099,53376,91156,54018,148367,93102,53331
,,,,7025,68442,28490,41099,53376,91156,54018,148367,93102,53331
,,,,7026,68442,28490,41099,53376,91156,54018,148367,93102,53331
,,,,7027,68442,28490,41099,53376,91156,54018,148367,93102,53331
,,,,7028,68442,28490,41099,53376,91156,54018,148367,93102,53331
,,,,7029,68442,28490,41099,53376,91156,54018,148367,93102,53331
,,,,7030,68442,28490,41099,53376,91156,54018,148367,93102,53331
,,,,7031,68442,28490,41099,53376,91156,54018,148367,93102,53331
,,,,7032,68442,28490,41099,53376,91156,54018,148367,93102,53331
,,,,7033,68442,28490,41099,53376,91156,54018,148367,93102,53331
,,,,7034,68442,28490,41099,53376,91156,54018,148367,93102,53331
,,,,7035,68442,28490,41099,53376,91156,54018,148367,93102,53331
,,,,7036,68442,28490,41099,53376,91156,54018,148367,93102,53331
,,,,7037,68442,28490,41099,53376,91156,54018,148367,93102,53331
,,,,7038,68442,28490,41099,53376,91156,54018,148367,93102,53331
,,,,7039,68442,28490,41099,53376,91156,54018,148367,93102,53331
,,,,7040,68442,28490,41099,53376,91156,54018,148367,93102,53331
,,,,7041,68442,28490,41099,53376,91156,54018,148367,93102,53331
,,,,7042,68442,28490,41099,53376,91156,54018,148367,93102,53331
,,,,7043,68442,28490,41099,53376,91156,54018,148367,93102,53331
,,,,7044,68442,28490,41099,53376,91156,54018,148367,93102,53331
,,,,7045,68442,28490,41099,53376,91156,54018,148367,93102,53331
,,,,7046,68442,28490,41099,53376,91156,54018,148367,93102,53331
,,,,7047,68442,28490,41099,53376,91156,54018,148367,93102,53331
,,,,7048,68442,28490,41099,53376,91156,54018,148367,93102,53331
,,,,7049,68442,28490,41099,53376,91156,54018,148367,93102,53331
,,,,7050,68442,28490,41099,53376,91156,54018,148367,93102,53331
,,,,7051,68442,28490,41099,53376,91156,54018,148367,93102,53331
,,,,7052,68442,28490,41099,53376,91156,54018,148367,93102,53331
,,,,7053,68442,28490,41099,53376,91156,54018,148367,93102,53331
,,,,7054,68442,28490,41099,53376,91156,54018,148367,93102,53331
,,,,7055,68442,28490,41099,53376,91156,54018,148367,93102,53331
,,,,7056,68442,28490,41099,53376,91156,54018,148367,93102,53331
,,,,7057,68442,28490,41099,53376,91156,54018,148367,93102,53331
,,,,7058,68442,28490,41099,53376,91156,54018,148367,93102,53331
,,,,7059,68442,28490,41099,53376,91156,54018,148367,93102,53331
,,,,7060,68442,28490,41099,53376,91156,54018,148367,93102,53331
,,,,7061,68442,28490,41099,53376,91156,54018,148367,93102,53331
,,,,7062,68442,28490,41099,53376,91156,54018,148367,93102,53331
,,,,7063,68442,28490,41099,53376,91156,54018,148367,93102,53331
,,,,7064,68442,28490,41099,53376,91156,54018,148367,93102,53331
,,,,7065,68442,28490,41099,53376,91156,54018,148367,93102,53331
,,,,7066,68442,28490,41099,53376,91156,54018,148367,93102,53331
,,,,7067,68442,28490,41099,53376,91156,54018,148367,93102,53331
,,,,7068,68442,28490,41099,53376,91156,54018,148367,93102,53331
,,,,7069,68442,28490,41099,53376,91156,54018,148367,93102,53331
,,,,7070,68442,28490,41099,53376,91156,54018,148367,93102,53331
,,,,7071,68442,28490,41099,53376,91156,54018,148367,93102,53331
,,,,7072,68442,28490,41099,53376,91156,54018,148367,93102,53331
,,,,7073,68442,28490,41099,53376,91156,54018,148367,93102,53331
,,,,7074,68442,28490,41099,53376,91156,54018,148367,93102,53331
,,,,7075,68442,28490,41099,53376,91156,54018,148367,93102,53331
,,,,7076,68442,28490,41099,53376,91156,54018,148367,93102,53331
,,,,7077,68442,28490,41099,53376,91156,54018,148367,93102,53331
,,,,7078,68442,28490,41099,53376,91156,54018,148367,93102,53331
,,,,7079,68442,28490,41099,53376,91156,54018,148367,93102,53331
,,,,7080,68442,28490,41099,53376,91156,54018,148367,93102,53331
,,,,7081,68442,28490,41099,53376,91156,54018,148367,93102,53331
,,,,7082,68442,28490,41099,53376,91156,54018,148367,93102,53331
,,,,7083,68442,28490,41099,53376,91156,54018,148367,93102,53331
,,,,7084,68442,28490,41099,53376,91156,54018,148367,93102,53331
,,,,7085,68442,28490,41099,53376,91156,54018,148367,93102,53331
,,,,7086,68442,28490,41099,53376,91156,54018,148367,93102,53331
,,,,7087,68442,28490,41099,53376,91156,54018,148367,93102,53331
,,,,7088,68442,28490,41099,53376,91156,54018,148367,93102,53331
,,,,7089,68442,28490,41099,53376,91156,54018,148367,93102,53331
,,,,7090,68442,28490,41099,53376,91156,54018,148367,93102,53331
,,,,7091,68442,28490,41099,53376,91156,54018,148367,93102,53331
,,,,7092,68442,28490,41099,53376,91156,54018,148367,93102,53331
,,,,7093,68442,28490,41099,53376,91156,54018,148367,93102,53331
,,,,7094,68442,28490,41099,53376,91156,54018,148367,93102,53331
,,,,7095,68442,28490,41099,53376,91156,54018,148367,93102,53331
,,,,7096,68442,28490,41099,53376,91156,54018,148367,93102,53331
,,,,7097,68442,28490,41099,53376,91156,54018,148367,93102,53331
,,,,7098,68442,28490,41099,53376,91156,54018,148367,93102,53331
,,,,7099,68442,28490,41099,53376,91156,54018,148367,93102,53331
,,,,7100,68442,28490,41099,53376,91156,54018,148367,93102,53331
,,,,7101,68442,28490,41099,53376,91156,54018,148367,93102,53331
,,,,7102,68442,28490,41099,53376,91156,54018,148367,93102,53331
,,,,7103,68442,28490,41099,53376,91156,54018,148367,93102,53331
,,,,7104,68442,28490,41099,53376,91156,54018,148367,93102,53331
,,,,7105,68442,28490,41099,53376,91156,54018,148367,93102,53331
,,,,7106,68442,28490,41099,53376,91156,54018,148367,93102,53331
,,,,7107,68442,28490,41099,53376,91156,54018,148367,93102,53331
,,,,7108,68442,28490,41099,53376,91156,54018,148367,93102,53331
,,,,7109,68442,28490,41099,53376,91156,54018,148367,93102,53331
,,,,7110,68442,28490,41099,53376,91156,54018,148367,93102,53331
,,,,7111,68442,28490,41099,53376,91156,54018,148367,93102,53331
,,,,7112,68442,28490,41099,53376,91156,54018,148367,93102,53331
,,,,7113,68442,28490,41099,53376,91156,54018,148367,93102,53331
,,,,7114,68442,28490,41099,53376,91156,54018,148367,93102,53331
,,,,7115,68442,28490,41099,53376,91156,54018,148367,93102,53331
,,,,7116,68442,28490,41099,53376,91156,54018,148367,93102,53331
,,,,7117,68442,28490,41099,53376,91156,54018,148367,93102,53331
,,,,7118,68442,28490,41099,53376,91156,54018,148367,93102,53331
,,,,7119,68442,28490,41099,53376,91156,54018,148367,93102,53331
,,,,7120,68442,28490,41099,53376,91156,54018,148367,93102,53331
,,,,7121,68442,28490,41099,53376,91156,54018,148367,93102,53331
,,,,7122,68442,28490,41099,53376,91156,54018,148367,93102,53331
,,,,7123,68442,28490,41099,53376,91156,54018,148367,93102,53331
,,,,7124,68442,28490,41099,53376,91156,54018,148367,93102,53331
,,,,7125,68442,28490,41099,53376,91156,54018,148367,93102,53331
,,,,7126,68442,28490,41099,53376,91156,54018,148367,93102,53331
,,,,7127,68442,28490,41099,53376,91156,54018,148367,93102,53331
,,,,7128,68442,28490,41099,53376,91156,54018,148367,93102,53331
,,,,7129,68442,28490,41099,53376,91156,54018,148367,93102,53331
,,,,7130,68442,28490,41099,53376,91156,54018,148367,93102,53331
,,,,7131,68442,28490,41099,53376,91156,54018,148367,93102,53331
,,,,7132,68442,28490,41099,53376,91156,54018,148367,93102,53331
,,,,7133,68442,28490,41099,53376,91156,54018,148367,93102,53331
,,,,7134,68442,28490,41099,53376,91156,54018,148367,93102,53331
,,,,7135,68442,28490,41099,53376,91156,54018,148367,93102,53331
,,,,7136,68442,28490,41099,53376,91156,54018,148367,93102,53331
,,,,7137,68442,28490,41099,53376,91156,54018,148367,93102,53331
,,,,7138,68442,28490,41099,53376,91156,54018,148367,93102,53331
,,,,7139,68442,28490,41099,53376,91156,54018,148367,93102,53331
,,,,7140,68442,28490,41099,53376,91156,54018,148367,93102,53331
,,,,7141,68442,28490,41099,53376,91156,54018,148367,93102,53331
,,,,7142,68442,28490,41099,53376,91156,54018,148367,93102,53331
,,,,7143,68442,28490,41099,53376,91156,54018,148367,93102,53331
,,,,7144,68442,28490,41099,53376,91156,54018,148367,93102,53331
,,,,7145,68442,28490,41099,53376,91156,54018,148367,93102,53331
,,,,7146,68442,28490,41099,53376,91156,54018,148367,93102,53331
,,,,7147,68442,28490,41099,53376,91156,54018,148367,93102,53331
,,,,7148,68442,28490,41099,53376,91156,54018,148367,93102,53331
,,,,7149,68442,28490,41099,53376,91156,54018,148367,93102,53331
,,,,7150,68442,28490,41099,53376,91156,54018,148367,93102,53331
,,,,7151,68442,28490,41099,53376,91156,54018,148367,93102,53331
,,,,7152,68442,28490,41099,53376,91156,54018,148367,93102,53331
,,,,7153,68442,28490,41099,53376,91156,54018,148367,93102,53331
,,,,7154,68442,28490,41099,53376,91156,54018,148367,93102,53331
,,,,7155,68442,28490,41099,53376,91156,54018,148367,93102,53331
,,,,7156,68442,28490,41099,53376,91156,54018,148367,93102,53331
,,,,7157,68442,28490,41099,53376,91156,54018,148367,93102,53331
,,,,7158,68442,28490,41099,53376,91156,54018,148367,93102,53331
,,,,7159,68442,28490,41099,53376,91156,54018,148367,93102,53331
,,,,7160,68442,28490,41099,53376,91156,54018,148367,93102,53331
,,,,7161,68442,28490,41099,53376,91156,54018,148367,93102,53331
,,,,7162,68442,28490,41099,53376,91156,54018,148367,93102,53331
,,,,7163,68442,28490,41099,53376,91156,54018,148367,93102,53331
,,,,7164,68442,28490,41099,53376,91156,54018,148367,93102,53331
,,,,7165,68442,28490,41099,53376,91156,54018,148367,93102,53331
,,,,7166,68442,28490,41099,53376,91156,54018,148367,93102,53331
,,,,7167,68442,28490,41099,53376,91156,54018,148367,93102,53331
,,,,7168,68442,28490,41099,53376,91156,54018,148367,93102,53331
,,,,7169,68442,28490,41099,53376,91156,54018,148367,93102,53331
,,,,7170,68442,28490,41099,53376,91156,54018,148367,93102,53331
,,,,7171,68442,28490,41099,53376,91156,54018,148367,93102,53331
,,,,7172,68442,28490,41099,53376,91156,54018,148367,93102,53331
,,,,7173,68442,28490,41099,53376,91156,54018,148367,93102,53331
,,,,7174,68442,28490,41099,53376,91156,54018,148367,93102,53331
,,,,7175,68442,28490,41099,53376,91156,54018,148367,93102,53331
,,,,7176,68442,28490,41099,53376,91156,54018,148367,93102,53331
,,,,7177,68442,28490,41099,53376,91156,54018,148367,93102,53331
,,,,7178,68442,28490,41099,53376,91156,54018,148367,93102,53331
,,,,7179,68442,28490,41099,53376,91156,54018,148367,93102,53331
,,,,7180,68442,28490,41099,53376,91156,54018,148367,93102,53331
,,,,7181,68442,28490,41099,53376,91156,54018,148367,93102,53331
,,,,7182,68442,28490,41099,53376,91156,54018,148367,93102,53331
,,,,7183,68442,28490,41099,53376,91156,54018,148367,93102,53331
,,,,7184,68442,28490,41099,53376,91156,54018,148367,93102,53331
,,,,7185,68442,28490,41099,53376,91156,54018,148367,93102,53331
,,,,7186,68442,28490,41099,53376,91156,54018,148367,93102,53331
,,,,7187,68442,28490,41099,53376,91156,54018,148367,93102,53331
,,,,7188,68442,28490,41099,53376,91156,54018,148367,93102,53331
,,,,7189,68442,28490,41099,53376,91156,54018,148367,93102,53331
,,,,7190,68442,28490,41099,53376,91156,54018,148367,93102,53331
,,,,7191,68442,28490,41099,53376,91156,54018,148367,93102,53331
,,,,7192,68442,28490,41099,53376,91156,54018,148367,93102,53331
,,,,7193,68442,28490,41099,53376,91156,54018,148367,93102,53331
,,,,7194,68442,28490,41099,53376,91156,54018,148367,93102,53331
,,,,7195,68442,28490,41099,53376,91156,54018,148367,93102,53331
,,,,7196,68442,28490,41099,53376,91156,54018,148367,93102,53331
,,,,7197,68442,28490,41099,53376,91156,54018,148367,93102,53331
,,,,7198,68442,28490,41099,53376,91156,54018,148367,93102,53331
,,,,7199,68442,28490,41099,53376,91156,54018,148367,93102,53331
,,,,7200,68442,28490,41099,53376,91156,54018,148367,93102,53331
,,,,7201,68442,28490,41099,53376,91156,54018,148367,93102,53331
,,,,7202,68442,28490,41099,53376,91156,54018,148367,93102,53331
,,,,7203,68442,28490,41099,53376,91156,54018,148367,93102,53331
,,,,7204,68442,28490,41099,53376,91156,54018,148367,93102,53331
,,,,7205,68442,28490,41099,53376,91156,54018,148367,93102,53331
,,,,7206,68442,28490,41099,53376,91156,54018,148367,93102,53331
,,,,7207,68442,28490,41099,53376,91156,54018,148367,93102,53331
,,,,7208,68442,28490,41099,53376,91156,54018,148367,93102,53331
,,,,7209,68442,28490,41099,53376,91156,54018,148367,93102,53331
,,,,7210,68442,28490,41099,53376,91156,54018,148367,93102,53331
,,,,7211,68442,28490,41099,53376,91156,54018,148367,93102,53331
,,,,7212,68442,28490,41099,53376,91156,54018,148367,93102,53331
,,,,7213,68442,28490,41099,53376,91156,54018,148367,93102,53331
,,,,7214,68442,28490,41099,53376,91156,54018,148367,93102,53331
,,,,7215,68442,28490,41099,53376,91156,54018,148367,93102,53331
,,,,7216,68442,28490,41099,53376,91156,54018,148367,93102,53331
,,,,7217,68442,28490,41099,53376,91156,54018,148367,93102,53331
,,,,7218,68442,28490,41099,53376,91156,54018,148367,93102,53331
,,,,7219,68442,28490,41099,53376,91156,54018,148367,93102,53331
,,,,7220,68442,28490,41099,53376,91156,54018,148367,93102,53331
,,,,7221,68442,28490,41099,53376,91156,54018,148367,93102,53331
,,,,7222,68442,28490,41099,53376,91156,54018,148367,93102,53331
,,,,7223,68442,28490,41099,53376,91156,54018,148367,93102,53331
,,,,7224,68442,28490,41099,53376,91156,54018,148367,93102,53331
,,,,7225,68442,28490,41099,53376,91156,54018,148367,93102,53331
,,,,7226,68442,28490,41099,53376,91156,54018,148367,93102,53331
,,,,7227,68442,28490,41099,53376,91156,54018,148367,93102,53331
,,,,7228,68442,28490,41099,53376,91156,54018,148367,93102,53331
,,,,7229,68442,28490,41099,53376,91156,54018,148367,93102,53331
,,,,7230,68442,28490,41099,53376,91156,54018,148367,93102,53331
,,,,7231,68442,28490,41099,53376,91156,54018,148367,93102,53331
,,,,7232,68442,28490,41099,53376,91156,54018,148367,93102,53331
,,,,7233,68442,28490,41099,53376,91156,54018,148367,93102,53331
,,,,7234,68442,28490,41099,53376,91156,54018,148367,93102,53331
,,,,7235,68442,28490,41099,53376,91156,54018,148367,93102,53331
,,,,7236,68442,28490,41099,53376,91156,54018,148367,93102,53331
,,,,7237,68442,28490,41099,53376,91156,54018,148367,93102,53331
,,,,7238,68442,28490,41099,53376,91156,54018,148367,93102,53331
,,,,7239,68442,28490,41099,53376,91156,54018,148367,93102,53331
,,,,7240,68442,28490,41099,53376,91156,54018,148367,93102,53331
,,,,7241,68442,28490,41099,53376,91156,54018,148367,93102,53331
,,,,7242,68442,28490,41099,53376,91156,54018,148367,93102,53331
,,,,7243,68442,28490,41099,53376,91156,54018,148367,93102,53331
,,,,7244,68442,28490,41099,53376,91156,54018,148367,93102,53331
,,,,7245,68442,28490,41099,53376,91156,54018,148367,93102,53331
,,,,7246,68442,28490,41099,53376,91156,54018,148367,93102,53331
,,,,7247,68442,28490,41099,53376,91156,54018,148367,93102,53331
,,,,7248,68442,28490,41099,53376,91156,54018,148367,93102,53331
,,,,7249,68442,28490,41099,53376,91156,54018,148367,93102,53331
,,,,7250,68442,28490,41099,53376,91156,54018,148367,93102,53331
,,,,7251,68442,28490,41099,53376,91156,54018,148367,93102,53331
,,,,7252,68442,28490,41099,53376,91156,54018,148367,93102,53331
,,,,7253,68442,28490,41099,53376,91156,54018,148367,93102,53331
,,,,7254,68442,28490,41099,53376,91156,54018,148367,93102,53331
,,,,7255,68442,28490,41099,53376,91156,54018,148367,93102,53331
,,,,7256,68442,28490,41099,53376,91156,54018,148367,93102,53331
,,,,7257,68442,28490,41099,53376,91156,54018,148367,93102,53331
,,,,7258,68442,28490,41099,53376,91156,54018,148367,93102,53331
,,,,7259,68442,28490,41099,53376,91156,54018,148367,93102,53331
,,,,7260,68442,28490,41099,53376,91156,54018,148367,93102,53331
,,,,7261,68442,28490,41099,53376,91156,54018,148367,93102,53331
,,,,7262,68442,28490,41099,53376,91156,54018,148367,93102,53331
,,,,7263,68442,28490,41099,53376,91156,54018,148367,93102,53331
,,,,7264,68442,28490,41099,53376,91156,54018,148367,93102,53331
,,,,7265,68442,28490,41099,53376,91156,54018,148367,93102,53331
,,,,7266,68442,28490,41099,53376,91156,54018,148367,93102,53331
,,,,7267,68442,28490,41099,53376,91156,54018,148367,93102,53331
,,,,7268,68442,28490,41099,53376,91156,54018,148367,93102,53331
,,,,7269,68442,28490,41099,53376,91156,54018,148367,93102,53331
,,,,7270,68442,28490,41099,53376,91156,54018,148367,93102,53331
,,,,7271,68442,28490,41099,53376,91156,54018,148367,93102,53331
,,,,7272,68442,28490,41099,53376,91156,54018,148367,93102,53331
,,,,7273,68442,28490,41099,53376,91156,54018,148367,93102,53331
,,,,7274,68442,28490,41099,53376,91156,54018,148367,93102,53331
,,,,7275,68442,28490,41099,53376,91156,54018,148367,93102,53331
,,,,7276,68442,28490,41099,53376,91156,54018,148367,93102,53331
,,,,7277,68442,28490,41099,53376,91156,54018,148367,93102,53331
,,,,7278,68442,28490,41099,53376,91156,54018,148367,93102,53331
,,,,7279,68442,28490,41099,53376,91156,54018,148367,93102,53331
,,,,7280,68442,28490,41099,53376,91156,54018,148367,93102,53331
,,,,7281,68442,28490,41099,53376,91156,54018,148367,93102,53331
,,,,7282,68442,28490,41099,53376,91156,54018,148367,93102,53331
,,,,7283,68442,28490,41099,53376,91156,54018,148367,93102,53331
,,,,7284,68442,28490,41099,53376,91156,54018,148367,93102,53331
,,,,7285,68442,28490,41099,53376,91156,54018,148367,93102,53331
,,,,7286,68442,28490,41099,53376,91156,54018,148367,93102,53331
,,,,7287,68442,28490,41099,53376,91156,54018,148367,93102,53331
,,,,7288,68442,28490,41099,53376,91156,54018,148367,93102,53331
,,,,7289,68442,28490,41099,53376,91156,54018,148367,93102,53331
,,,,7290,68442,28490,41099,53376,91156,54018,148367,93102,53331
,,,,7291,68442,28490,41099,53376,91156,54018,148367,93102,53331
,,,,7292,68442,28490,41099,53376,91156,54018,148367,93102,53331
,,,,7293,68442,28490,41099,53376,91156,54018,148367,93102,53331
,,,,7294,68442,28490,41099,53376,91156,54018,148367,93102,53331
,,,,7295,68442,28490,41099,53376,91156,54018,148367,93102,53331
,,,,7296,68442,28490,41099,53376,91156,54018,148367,93102,53331
,,,,7297,68442,28490,41099,53376,91156,54018,148367,93102,53331
,,,,7298,68442,28490,41099,53376,91156,54018,148367,93102,53331
,,,,7299,68442,28490,41099,53376,91156,54018,148367,93102,53331
,,,,7300,68442,28490,41099,53376,91156,54018,148367,93102,53331
,,,,7301,68442,28490,41099,53376,91156,54018,148367,93102,53331
,,,,7302,68442,28490,41099,53376,91156,54018,148367,93102,53331
,,,,7303,68442,28490,41099,53376,91156,54018,148367,93102,53331
,,,,7304,68442,28490,41099,53376,91156,54018,148367,93102,53331
,,,,7305,68442,28490,41099,53376,91156,54018,148367,93102,53331
,,,,7306,68442,28490,41099,53376,91156,54018,148367,93102,53331
,,,,7307,68442,28490,41099,53376,91156,54018,148367,93102,53331
,,,,7308,68442,28490,41099,53376,91156,54018,148367,93102,53331
,,,,7309,68442,28490,41099,53376,91156,54018,148367,93102,53331
,,,,7310,68442,28490,41099,53376,91156,54018,148367,93102,53331
,,,,7311,68442,28490,41099,53376,91156,54018,148367,93102,53331
,,,,7312,68442,28490,41099,53376,91156,54018,148367,93102,53331
,,,,7313,68442,28490,41099,53376,91156,54018,148367,93102,53331
,,,,7314,68442,28490,41099,53376,91156,54018,148367,93102,53331
,,,,7315,68442,28490,41099,53376,91156,54018,148367,93102,53331
,,,,7316,68442,28490,41099,53376,91156,54018,148367,93102,53331
,,,,7317,68442,28490,41099,53376,91156,54018,148367,93102,53331
,,,,7318,68442,28490,41099,53376,91156,54018,148367,93102,53331
,,,,7319,68442,28490,41099,53376,91156,54018,148367,93102,53331
,,,,7320,68442,28490,41099,53376,91156,54018,148367,93102,53331
,,,,7321,68442,28490,41099,53376,91156,54018,148367,93102,53331
,,,,7322,68442,28490,41099,53376,91156,54018,148367,93102,53331
,,,,7323,68442,28490,41099,53376,91156,54018,148367,93102,53331
,,,,7324,68442,28490,41099,53376,91156,54018,148367,93102,53331
,,,,7325,68442,28490,41099,53376,91156,54018,148367,93102,53331
,,,,7326,68442,28490,41099,53376,91156,54018,148367,93102,53331
,,,,7327,68442,28490,41099,53376,91156,54018,148367,93102,53331
,,,,7328,68442,28490,41099,53376,91156,54018,148367,93102,53331
,,,,7329,68442,28490,41099,53376,91156,54018,148367,93102,53331
,,,,7330,68442,28490,41099,53376,91156,54018,148367,93102,53331
,,,,7331,68442,28490,41099,53376,91156,54018,148367,93102,53331
,,,,7332,68442,28490,41099,53376,91156,54018,148367,93102,53331
,,,,7333,68442,28490,41099,53376,91156,54018,148367,93102,53331
,,,,7334,68442,28490,41099,53376,91156,54018,148367,93102,53331
,,,,7335,68442,28490,41099,53376,91156,54018,148367,93102,53331
,,,,7336,68442,28490,41099,53376,91156,54018,148367,93102,53331
,,,,7337,68442,28490,41099,53376,91156,54018,148367,93102,53331
,,,,7338,68442,28490,41099,53376,91156,54018,148367,93102,53331
,,,,7339,68442,28490,41099,53376,91156,54018,148367,93102,53331
,,,,7340,68442,28490,41099,53376,91156,54018,148367,93102,53331
,,,,7341,68442,28490,41099,53376,91156,54018,148367,93102,53331
,,,,7342,68442,28490,41099,53376,91156,54018,148367,93102,53331
,,,,7343,68442,28490,41099,53376,91156,54018,148367,93102,53331
,,,,7344,68442,28490,41099,53376,91156,54018,148367,93102,53331
,,,,7345,68442,28490,41099,53376,91156,54018,148367,93102,53331
,,,,7346,68442,28490,41099,53376,91156,54018,148367,93102,53331
,,,,7347,68442,28490,41099,53376,91156,54018,148367,93102,53331
,,,,7348,68442,28490,41099,53376,91156,54018,148367,93102,53331
,,,,7349,68442,28490,41099,53376,91156,54018,148367,93102,53331
,,,,7350,68442,28490,41099,53376,91156,54018,148367,93102,53331
,,,,7351,68442,28490,41099,53376,91156,54018,148367,93102,53331
,,,,7352,68442,28490,41099,53376,91156,54018,148367,93102,53331
,,,,7353,68442,28490,41099,53376,91156,54018,148367,93102,53331
,,,,7354,68442,28490,41099,53376,91156,54018,148367,93102,53331
,,,,7355,68442,28490,41099,53376,91156,54018,148367,93102,53331
,,,,7356,68442,28490,41099,53376,91156,54018,148367,93102,53331
,,,,7357,68442,28490,41099,53376,91156,54018,148367,93102,53331
,,,,7358,68442,28490,41099,53376,91156,54018,148367,93102,53331
,,,,7359,68442,28490,41099,53376,91156,54018,148367,93102,53331
,,,,7360,68442,28490,41099,53376,91156,54018,148367,93102,53331
,,,,7361,68442,28490,41099,53376,91156,54018,148367,93102,53331
,,,,7362,68442,28490,41099,53376,91156,54018,148367,93102,53331
,,,,7363,68442,28490,41099,53376,91156,54018,148367,93102,53331
,,,,7364,68442,28490,41099,53376,91156,54018,148367,93102,53331
,,,,7365,68442,28490,41099,53376,91156,54018,148367,93102,53331
,,,,7366,68442,28490,41099,53376,91156,54018,148367,93102,53331
,,,,7367,68442,28490,41099,53376,91156,54018,148367,93102,53331
,,,,7368,68442,28490,41099,53376,91156,54018,148367,93102,53331
,,,,7369,68442,28490,41099,53376,91156,54018,148367,93102,53331
,,,,7370,68442,28490,41099,53376,91156,54018,148367,93102,53331
,,,,7371,68442,28490,41099,53376,91156,54018,148367,93102,53331
,,,,7372,68442,28490,41099,53376,91156,54018,148367,93102,53331
,,,,7373,68442,28490,41099,53376,91156,54018,148367,93102,53331
,,,,7374,68442,28490,41099,53376,91156,54018,148367,93102,53331
,,,,7375,68442,28490,41099,53376,91156,54018,148367,93102,53331
,,,,7376,68442,28490,41099,53376,91156,54018,148367,93102,53331
,,,,7377,68442,28490,41099,53376,91156,54018,148367,93102,53331
,,,,7378,68442,28490,41099,53376,91156,54018,148367,93102,53331
,,,,7379,68442,28490,41099,53376,91156,54018,148367,93102,53331
,,,,7380,68442,28490,41099,53376,91156,54018,148367,93102,53331
,,,,7381,68442,28490,41099,53376,91156,54018,148367,93102,53331
,,,,7382,68442,28490,41099,53376,91156,54018,148367,93102,53331
,,,,7383,68442,28490,41099,53376,91156,54018,148367,93102,53331
,,,,7384,68442,28490,41099,53376,91156,54018,148367,93102,53331
,,,,7385,68442,28490,41099,53376,91156,54018,148367,93102,53331
,,,,7386,68442,28490,41099,53376,91156,54018,148367,93102,53331
,,,,7387,68442,28490,41099,53376,91156,54018,148367,93102,53331
,,,,7388,68442,28490,41099,53376,91156,54018,148367,93102,53331
,,,,7389,68442,28490,41099,53376,91156,54018,148367,93102,53331
,,,,7390,68442,28490,41099,53376,91156,54018,148367,93102,53331
,,,,7391,68442,28490,41099,53376,91156,54018,148367,93102,53331
,,,,7392,68442,28490,41099,53376,91156,54018,148367,93102,53331
,,,,7393,68442,28490,41099,53376,91156,54018,148367,93102,53331
,,,,7394,68442,28490,41099,53376,91156,54018,148367,93102,53331
,,,,7395,68442,28490,41099,53376,91156,54018,148367,93102,53331
,,,,7396,68442,28490,41099,53376,91156,54018,148367,93102,53331
,,,,7397,68442,28490,41099,53376,91156,54018,148367,93102,53331
,,,,7398,68442,28490,41099,53376,91156,54018,148367,93102,53331
,,,,7399,68442,28490,41099,53376,91156,54018,148367,93102,53331
,,,,7400,68442,28490,41099,53376,91156,54018,148367,93102,53331
,,,,7401,68442,28490,41099,53376,91156,54018,148367,93102,53331
,,,,7402,68442,28490,41099,53376,91156,54018,148367,93102,53331
,,,,7403,68442,28490,41099,53376,91156,54018,148367,93102,53331
,,,,7404,68442,28490,41099,53376,91156,54018,148367,93102,53331
,,,,7405,68442,28490,41099,53376,91156,54018,148367,93102,53331
,,,,7406,68442,28490,41099,53376,91156,54018,148367,93102,53331
,,,,7407,68442,28490,41099,53376,91156,54018,148367,93102,53331
,,,,7408,68442,28490,41099,53376,91156,54018,148367,93102,53331
,,,,7409,68442,28490,41099,53376,91156,54018,148367,93102,53331
,,,,7410,68442,28490,41099,53376,91156,54018,148367,93102,53331
,,,,7411,68442,28490,41099,53376,91156,54018,148367,93102,53331
,,,,7412,68442,28490,41099,53376,91156,54018,148367,93102,53331
,,,,7413,68442,28490,41099,53376,91156,54018,148367,93102,53331
,,,,7414,68442,28490,41099,53376,91156,54018,148367,93102,53331
,,,,7415,68442,28490,41099,53376,91156,54018,148367,93102,53331
,,,,7416,68442,28490,41099,53376,91156,54018,148367,93102,53331
,,,,7417,68442,28490,41099,53376,91156,54018,148367,93102,53331
,,,,7418,68442,28490,41099,53376,91156,54018,148367,93102,53331
,,,,7419,68442,28490,41099,53376,91156,54018,148367,93102,53331
,,,,7420,68442,28490,41099,53376,91156,54018,148367,93102,53331
,,,,7421,68442,28490,41099,53376,91156,54018,148367,93102,53331
,,,,7422,68442,28490,41099,53376,91156,54018,148367,93102,53331
,,,,7423,68442,28490,41099,53376,91156,54018,148367,93102,53331
,,,,7424,68442,28490,41099,53376,91156,54018,148367,93102,53331
,,,,7425,68442,28490,41099,53376,91156,54018,148367,93102,53331
,,,,7426,68442,28490,41099,53376,91156,54018,148367,93102,53331
,,,,7427,68442,28490,41099,53376,91156,54018,148367,93102,53331
,,,,7428,68442,28490,41099,53376,91156,54018,148367,93102,53331
,,,,7429,68442,28490,41099,53376,91156,54018,148367,93102,53331
,,,,7430,68442,28490,41099,53376,91156,54018,148367,93102,53331
,,,,7431,68442,28490,41099,53376,91156,54018,148367,93102,53331
,,,,7432,68442,28490,41099,53376,91156,54018,148367,93102,53331
,,,,7433,68442,28490,41099,53376,91156,54018,148367,93102,53331
,,,,7434,68442,28490,41099,53376,91156,54018,148367,93102,53331
,,,,7435,68442,28490,41099,53376,91156,54018,148367,93102,53331
,,,,7436,68442,28490,41099,53376,91156,54018,148367,93102,53331
,,,,7437,68442,28490,41099,53376,91156,54018,148367,93102,53331
,,,,7438,68442,28490,41099,53376,91156,54018,148367,93102,53331
,,,,7439,68442,28490,41099,53376,91156,54018,148367,93102,53331
,,,,7440,68442,28490,41099,53376,91156,54018,148367,93102,53331
,,,,7441,68442,28490,41099,53376,91156,54018,148367,93102,53331
,,,,7442,68442,28490,41099,53376,91156,54018,148367,93102,53331
,,,,7443,68442,28490,41099,53376,91156,54018,148367,93102,53331
,,,,7444,68442,28490,41099,53376,91156,54018,148367,93102,53331
,,,,7445,68442,28490,41099,53376,91156,54018,148367,93102,53331
,,,,7446,68442,28490,41099,53376,91156,54018,148367,93102,53331
,,,,7447,68442,28490,41099,53376,91156,54018,148367,93102,53331
,,,,7448,68442,28490,41099,53376,91156,54018,148367,93102,53331
,,,,7449,68442,28490,41099,53376,91156,54018,148367,93102,53331
,,,,7450,68442,28490,41099,53376,91156,54018,148367,93102,53331
,,,,7451,68442,28490,41099,53376,91156,54018,148367,93102,53331
,,,,7452,68442,28490,41099,53376,91156,54018,148367,93102,53331
,,,,7453,68442,28490,41099,53376,91156,54018,148367,93102,53331
,,,,7454,68442,28490,41099,53376,91156,54018,148367,93102,53331
,,,,7455,68442,28490,41099,53376,91156,54018,148367,93102,53331
,,,,7456,68442,28490,41099,53376,91156,54018,148367,93102,53331
,,,,7457,68442,28490,41099,53376,91156,54018,148367,93102,53331
,,,,7458,68442,28490,41099,53376,91156,54018,148367,93102,53331
,,,,7459,68442,28490,41099,53376,91156,54018,148367,93102,53331
,,,,7460,68442,28490,41099,53376,91156,54018,148367,93102,53331
,,,,7461,68442,28490,41099,53376,91156,54018,148367,93102,53331
,,,,7462,68442,28490,41099,53376,91156,54018,148367,93102,53331
,,,,7463,68442,28490,41099,53376,91156,54018,148367,93102,53331
,,,,7464,68442,28490,41099,53376,91156,54018,148367,93102,53331
,,,,7465,68442,28490,41099,53376,91156,54018,148367,93102,53331
,,,,7466,68442,28490,41099,53376,91156,54018,148367,93102,53331
,,,,7467,68442,28490,41099,53376,91156,54018,148367,93102,53331
,,,,7468,68442,28490,41099,53376,91156,54018,148367,93102,53331
,,,,7469,68442,28490,41099,53376,91156,54018,148367,93102,53331
,,,,7470,68442,28490,41099,53376,91156,54018,148367,93102,53331
,,,,7471,68442,28490,41099,53376,91156,54018,148367,93102,53331
,,,,7472,68442,28490,41099,53376,91156,54018,148367,93102,53331
,,,,7473,68442,28490,41099,53376,91156,54018,148367,93102,53331
,,,,7474,68442,28490,41099,53376,91156,54018,148367,93102,53331
,,,,7475,68442,28490,41099,53376,91156,54018,148367,93102,53331
,,,,7476,68442,28490,41099,53376,91156,54018,148367,93102,53331
,,,,7477,68442,28490,41099,53376,91156,54018,148367,93102,53331
,,,,7478,68442,28490,41099,53376,91156,54018,148367,93102,53331
,,,,7479,68442,28490,41099,53376,91156,54018,148367,93102,53331
,,,,7480,68442,28490,41099,53376,91156,54018,148367,93102,53331
,,,,7481,68442,28490,41099,53376,91156,54018,148367,93102,53331
,,,,7482,68442,28490,41099,53376,91156,54018,148367,93102,53331
,,,,7483,68442,28490,41099,53376,91156,54018,148367,93102,53331
,,,,7484,68442,28490,41099,53376,91156,54018,148367,93102,53331
,,,,7485,68442,28490,41099,53376,91156,54018,148367,93102,53331
,,,,7486,68442,28490,41099,53376,91156,54018,148367,93102,53331
,,,,7487,68442,28490,41099,53376,91156,54018,148367,93102,53331
,,,,7488,68442,28490,41099,53376,91156,54018,148367,93102,53331
,,,,7489,68442,28490,41099,53376,91156,54018,148367,93102,53331
,,,,7490,68442,28490,41099,53376,91156,54018,148367,93102,53331
,,,,7491,68442,28490,41099,53376,91156,54018,148367,93102,53331
,,,,7492,68442,28490,41099,53376,91156,54018,148367,93102,53331
,,,,7493,68442,28490,41099,53376,91156,54018,148367,93102,53331
,,,,7494,68442,28490,41099,53376,91156,54018,148367,93102,53331
,,,,7495,68442,28490,41099,53376,91156,54018,148367,93102,53331
,,,,7496,68442,28490,41099,53376,91156,54018,148367,93102,53331
,,,,7497,68442,28490,41099,53376,91156,54018,148367,93102,53331
,,,,7498,68442,28490,41099,53376,91156,54018,148367,93102,53331
,,,,7499,68442,28490,41099,53376,91156,54018,148367,93102,53331
,,,,7500,68442,28490,41099,53376,91156,54018,148367,93102,53331
,,,,7501,68442,28490,41099,53376,91156,54018,148367,93102,53331
,,,,7502,68442,28490,41099,53376,91156,54018,148367,93102,53331
,,,,7503,68442,28490,41099,53376,91156,54018,148367,93102,53331
,,,,7504,68442,28490,41099,53376,91156,54018,148367,93102,53331
,,,,7505,68442,28490,41099,53376,91156,54018,148367,93102,53331
,,,,7506,68442,28490,41099,53376,91156,54018,148367,93102,53331
,,,,7507,68442,28490,41099,53376,91156,54018,148367,93102,53331
,,,,7508,68442,28490,41099,53376,91156,54018,148367,93102,53331
,,,,7509,68442,28490,41099,53376,91156,54018,148367,93102,53331
,,,,7510,68442,28490,41099,53376,91156,54018,148367,93102,53331
,,,,7511,68442,28490,41099,53376,91156,54018,148367,93102,53331
,,,,7512,68442,28490,41099,53376,91156,54018,148367,93102,53331
,,,,7513,68442,28490,41099,53376,91156,54018,148367,93102,53331
,,,,7514,68442,28490,41099,53376,91156,54018,148367,93102,53331
,,,,7515,68442,28490,41099,53376,91156,54018,148367,93102,53331
,,,,7516,68442,28490,41099,53376,91156,54018,148367,93102,53331
,,,,7517,68442,28490,41099,53376,91156,54018,148367,93102,53331
,,,,7518,68442,28490,41099,53376,91156,54018,148367,93102,53331
,,,,7519,68442,28490,41099,53376,91156,54018,148367,93102,53331
,,,,7520,68442,28490,41099,53376,91156,54018,148367,93102,53331
,,,,7521,68442,28490,41099,53376,91156,54018,148367,93102,53331
,,,,7522,68442,28490,41099,53376,91156,54018,148367,93102,53331
,,,,7523,68442,28490,41099,53376,91156,54018,148367,93102,53331
,,,,7524,68442,28490,41099,53376,91156,54018,148367,93102,53331
,,,,7525,68442,28490,41099,53376,91156,54018,148367,93102,53331
,,,,7526,68442,28490,41099,53376,91156,54018,148367,93102,53331
,,,,7527,68442,28490,41099,53376,91156,54018,148367,93102,53331
,,,,7528,68442,28490,41099,53376,91156,54018,148367,93102,53331
,,,,7529,68442,28490,41099,53376,91156,54018,148367,93102,53331
,,,,7530,68442,28490,41099,53376,91156,54018,148367,93102,53331
,,,,7531,68442,28490,41099,53376,91156,54018,148367,93102,53331
,,,,7532,68442,28490,41099,53376,91156,54018,148367,93102,53331
,,,,7533,68442,28490,41099,53376,91156,54018,148367,93102,53331
,,,,7534,68442,28490,41099,53376,91156,54018,148367,93102,53331
,,,,7535,68442,28490,41099,53376,91156,54018,148367,93102,53331
,,,,7536,68442,28490,41099,53376,91156,54018,148367,93102,53331
,,,,7537,68442,28490,41099,53376,91156,54018,148367,93102,53331
,,,,7538,68442,28490,41099,53376,91156,54018,148367,93102,53331
,,,,7539,68442,28490,41099,53376,91156,54018,148367,93102,53331
,,,,7540,68442,28490,41099,53376,91156,54018,148367,93102,53331
,,,,7541,68442,28490,41099,53376,91156,54018,148367,93102,53331
,,,,7542,68442,28490,41099,53376,91156,54018,148367,93102,53331
,,,,7543,68442,28490,41099,53376,91156,54018,148367,93102,53331
,,,,7544,68442,28490,41099,53376,91156,54018,148367,93102,53331
,,,,7545,68442,28490,41099,53376,91156,54018,148367,93102,53331
,,,,7546,68442,28490,41099,53376,91156,54018,148367,93102,53331
,,,,7547,68442,28490,41099,53376,91156,54018,148367,93102,53331
,,,,7548,68442,28490,41099,53376,91156,54018,148367,93102,53331
,,,,7549,68442,28490,41099,53376,91156,54018,148367,93102,53331
,,,,7550,68442,28490,41099,53376,91156,54018,148367,93102,53331
,,,,7551,68442,28490,41099,53376,91156,54018,148367,93102,53331
,,,,7552,68442,28490,41099,53376,91156,54018,148367,93102,53331
,,,,7553,68442,28490,41099,53376,91156,54018,148367,93102,53331
,,,,7554,68442,28490,41099,53376,91156,54018,148367,93102,53331
,,,,7555,68442,28490,41099,53376,91156,54018,148367,93102,53331
,,,,7556,68442,28490,41099,53376,91156,54018,148367,93102,53331
,,,,7557,68442,28490,41099,53376,91156,54018,148367,93102,53331
,,,,7558,68442,28490,41099,53376,91156,54018,148367,93102,53331
,,,,7559,68442,28490,41099,53376,91156,54018,148367,93102,53331
,,,,7560,68442,28490,41099,53376,91156,54018,148367,93102,53331
,,,,7561,68442,28490,41099,53376,91156,54018,148367,93102,53331
,,,,7562,68442,28490,41099,53376,91156,54018,148367,93102,53331
,,,,7563,68442,28490,41099,53376,91156,54018,148367,93102,53331
,,,,7564,68442,28490,41099,53376,91156,54018,148367,93102,53331
,,,,7565,68442,28490,41099,53376,91156,54018,148367,93102,53331
,,,,7566,68442,28490,41099,53376,91156,54018,148367,93102,53331
,,,,7567,68442,28490,41099,53376,91156,54018,148367,93102,53331
,,,,7568,68442,28490,41099,53376,91156,54018,148367,93102,53331
,,,,7569,68442,28490,41099,53376,91156,54018,148367,93102,53331
,,,,7570,68442,28490,41099,53376,91156,54018,148367,93102,53331
,,,,7571,68442,28490,41099,53376,91156,54018,148367,93102,53331
,,,,7572,68442,28490,41099,53376,91156,54018,148367,93102,53331
,,,,7573,68442,28490,41099,53376,91156,54018,148367,93102,53331
,,,,7574,68442,28490,41099,53376,91156,54018,148367,93102,53331
,,,,7575,68442,28490,41099,53376,91156,54018,148367,93102,53331
,,,,7576,68442,28490,41099,53376,91156,54018,148367,93102,53331
,,,,7577,68442,28490,41099,53376,91156,54018,148367,93102,53331
,,,,7578,68442,28490,41099,53376,91156,54018,148367,93102,53331
,,,,7579,68442,28490,41099,53376,91156,54018,148367,93102,53331
,,,,7580,68442,28490,41099,53376,91156,54018,148367,93102,53331
,,,,7581,68442,28490,41099,53376,91156,54018,148367,93102,53331
,,,,7582,68442,28490,41099,53376,91156,54018,148367,93102,53331
,,,,7583,68442,28490,41099,53376,91156,54018,148367,93102,53331
,,,,7584,68442,28490,41099,53376,91156,54018,148367,93102,53331
,,,,7585,68442,28490,41099,53376,91156,54018,148367,93102,53331
,,,,7586,68442,28490,41099,53376,91156,54018,148367,93102,53331
,,,,7587,68442,28490,41099,53376,91156,54018,148367,93102,53331
,,,,7588,68442,28490,41099,53376,91156,54018,148367,93102,53331
,,,,7589,68442,28490,41099,53376,91156,54018,148367,93102,53331
,,,,7590,68442,28490,41099,53376,91156,54018,148367,93102,53331
,,,,7591,68442,28490,41099,53376,91156,54018,148367,93102,53331
,,,,7592,68442,28490,41099,53376,91156,54018,148367,93102,53331
,,,,7593,68442,28490,41099,53376,91156,54018,148367,93102,53331
,,,,7594,68442,28490,41099,53376,91156,54018,148367,93102,53331
,,,,7595,68442,28490,41099,53376,91156,54018,148367,93102,53331
,,,,7596,68442,28490,41099,53376,91156,54018,148367,93102,53331
,,,,7597,68442,28490,41099,53376,91156,54018,148367,93102,53331
,,,,7598,68442,28490,41099,53376,91156,54018,148367,93102,53331
,,,,7599,68442,28490,41099,53376,91156,54018,148367,93102,53331
,,,,7600,68442,28490,41099,53376,91156,54018,148367,93102,53331
,,,,7601,68442,28490,41099,53376,91156,54018,148367,93102,53331
,,,,7602,68442,28490,41099,53376,91156,54018,148367,93102,53331
,,,,7603,68442,28490,41099,53376,91156,54018,148367,93102,53331
,,,,7604,68442,28490,41099,53376,91156,54018,148367,93102,53331
,,,,7605,68442,28490,41099,53376,91156,54018,148367,93102,53331
,,,,7606,68442,28490,41099,53376,91156,54018,148367,93102,53331
,,,,7607,68442,28490,41099,53376,91156,54018,148367,93102,53331
,,,,7608,68442,28490,41099,53376,91156,54018,148367,93102,53331
,,,,7609,68442,28490,41099,53376,91156,54018,148367,93102,53331
,,,,7610,68442,28490,41099,53376,91156,54018,148367,93102,53331
,,,,7611,68442,28490,41099,53376,91156,54018,148367,93102,53331
,,,,7612,68442,28490,41099,53376,91156,54018,148367,93102,53331
,,,,7613,68442,28490,41099,53376,91156,54018,148367,93102,53331
,,,,7614,68442,28490,41099,53376,91156,54018,148367,93102,53331
,,,,7615,68442,28490,41099,53376,91156,54018,148367,93102,53331
,,,,7616,68442,28490,41099,53376,91156,54018,148367,93102,53331
,,,,7617,68442,28490,41099,53376,91156,54018,148367,93102,53331
,,,,7618,68442,28490,41099,53376,91156,54018,148367,93102,53331
,,,,7619,68442,28490,41099,53376,91156,54018,148367,93102,53331
,,,,7620,68442,28490,41099,53376,91156,54018,148367,93102,53331
,,,,7621,68442,28490,41099,53376,91156,54018,148367,93102,53331
,,,,7622,68442,28490,41099,53376,91156,54018,148367,93102,53331
,,,,7623,68442,28490,41099,53376,91156,54018,148367,93102,53331
,,,,7624,68442,28490,41099,53376,91156,54018,148367,93102,53331
,,,,7625,68442,28490,41099,53376,91156,54018,148367,93102,53331
,,,,7626,68442,28490,41099,53376,91156,54018,148367,93102,53331
,,,,7627,68442,28490,41099,53376,91156,54018,148367,93102,53331
,,,,7628,68442,28490,41099,53376,91156,54018,148367,93102,53331
,,,,7629,68442,28490,41099,53376,91156,54018,148367,93102,53331
,,,,7630,68442,28490,41099,53376,91156,54018,148367,93102,53331
,,,,7631,68442,28490,41099,53376,91156,54018,148367,93102,53331
,,,,7632,68442,28490,41099,53376,91156,54018,148367,93102,53331
,,,,7633,68442,28490,41099,53376,91156,54018,148367,93102,53331
,,,,7634,68442,28490,41099,53376,91156,54018,148367,93102,53331
,,,,7635,68442,28490,41099,53376,91156,54018,148367,93102,53331
,,,,7636,68442,28490,41099,53376,91156,54018,148367,93102,53331
,,,,7637,68442,28490,41099,53376,91156,54018,148367,93102,53331
,,,,7638,68442,28490,41099,53376,91156,54018,148367,93102,53331
,,,,7639,68442,28490,41099,53376,91156,54018,148367,93102,53331
,,,,7640,68442,28490,41099,53376,91156,54018,148367,93102,53331
,,,,7641,68442,28490,41099,53376,91156,54018,148367,93102,53331
,,,,7642,68442,28490,41099,53376,91156,54018,148367,93102,53331
,,,,7643,68442,28490,41099,53376,91156,54018,148367,93102,53331
,,,,7644,68442,28490,41099,53376,91156,54018,148367,93102,53331
,,,,7645,68442,28490,41099,53376,91156,54018,148367,93102,53331
,,,,7646,68442,28490,41099,53376,91156,54018,148367,93102,53331
,,,,7647,68442,28490,41099,53376,91156,54018,148367,93102,53331
,,,,7648,68442,28490,41099,53376,91156,54018,148367,93102,53331
,,,,7649,68442,28490,41099,53376,91156,54018,148367,93102,53331
,,,,7650,68442,28490,41099,53376,91156,54018,148367,93102,53331
,,,,7651,68442,28490,41099,53376,91156,54018,148367,93102,53331
,,,,7652,68442,28490,41099,53376,91156,54018,148367,93102,53331
,,,,7653,68442,28490,41099,53376,91156,54018,148367,93102,53331
,,,,7654,68442,28490,41099,53376,91156,54018,148367,93102,53331
,,,,7655,68442,28490,41099,53376,91156,54018,148367,93102,53331
,,,,7656,68442,28490,41099,53376,91156,54018,148367,93102,53331
,,,,7657,68442,28490,41099,53376,91156,54018,148367,93102,53331
,,,,7658,68442,28490,41099,53376,91156,54018,148367,93102,53331
,,,,7659,68442,28490,41099,53376,91156,54018,148367,93102,53331
,,,,7660,68442,28490,41099,53376,91156,54018,148367,93102,53331
,,,,7661,68442,28490,41099,53376,91156,54018,148367,93102,53331
,,,,7662,68442,28490,41099,53376,91156,54018,148367,93102,53331
,,,,7663,68442,28490,41099,53376,91156,54018,148367,93102,53331
,,,,7664,68442,28490,41099,53376,91156,54018,148367,93102,53331
,,,,7665,68442,28490,41099,53376,91156,54018,148367,93102,53331
,,,,7666,68442,28490,41099,53376,91156,54018,148367,93102,53331
,,,,7667,68442,28490,41099,53376,91156,54018,148367,93102,53331
,,,,7668,68442,28490,41099,53376,91156,54018,148367,93102,53331
,,,,7669,68442,28490,41099,53376,91156,54018,148367,93102,53331
,,,,7670,68442,28490,41099,53376,91156,54018,148367,93102,53331
,,,,7671,68442,28490,41099,53376,91156,54018,148367,93102,53331
,,,,7672,68442,28490,41099,53376,91156,54018,148367,93102,53331
,,,,7673,68442,28490,41099,53376,91156,54018,148367,93102,53331
,,,,7674,68442,28490,41099,53376,91156,54018,148367,93102,53331
,,,,7675,68442,28490,41099,53376,91156,54018,148367,93102,53331
,,,,7676,68442,28490,41099,53376,91156,54018,148367,93102,53331
,,,,7677,68442,28490,41099,53376,91156,54018,148367,93102,53331
,,,,7678,68442,28490,41099,53376,91156,54018,148367,93102,53331
,,,,7679,68442,28490,41099,53376,91156,54018,148367,93102,53331
,,,,7680,68442,28490,41099,53376,91156,54018,148367,93102,53331
,,,,7681,68442,28490,41099,53376,91156,54018,148367,93102,53331
,,,,7682,68442,28490,41099,53376,91156,54018,148367,93102,53331
,,,,7683,68442,28490,41099,53376,91156,54018,148367,93102,53331
,,,,7684,68442,28490,41099,53376,91156,54018,148367,93102,53331
,,,,7685,68442,28490,41099,53376,91156,54018,148367,93102,53331
,,,,7686,68442,28490,41099,53376,91156,54018,148367,93102,53331
,,,,7687,68442,28490,41099,53376,91156,54018,148367,93102,53331
,,,,7688,68442,28490,41099,53376,91156,54018,148367,93102,53331
,,,,7689,68442,28490,41099,53376,91156,54018,148367,93102,53331
,,,,7690,68442,28490,41099,53376,91156,54018,148367,93102,53331
,,,,7691,68442,28490,41099,53376,91156,54018,148367,93102,53331
,,,,7692,68442,28490,41099,53376,91156,54018,148367,93102,53331
,,,,7693,68442,28490,41099,53376,91156,54018,148367,93102,53331
,,,,7694,68442,28490,41099,53376,91156,54018,148367,93102,53331
,,,,7695,68442,28490,41099,53376,91156,54018,148367,93102,53331
,,,,7696,68442,28490,41099,53376,91156,54018,148367,93102,53331
,,,,7697,68442,28490,41099,53376,91156,54018,148367,93102,53331
,,,,7698,68442,28490,41099,53376,91156,54018,148367,93102,53331
,,,,7699,68442,28490,41099,53376,91156,54018,148367,93102,53331
,,,,7700,68442,28490,41099,53376,91156,54018,148367,93102,53331
,,,,7701,68442,28490,41099,53376,91156,54018,148367,93102,53331
,,,,7702,68442,28490,41099,53376,91156,54018,148367,93102,53331
,,,,7703,68442,28490,41099,53376,91156,54018,148367,93102,53331
,,,,7704,68442,28490,41099,53376,91156,54018,148367,93102,53331
,,,,7705,68442,28490,41099,53376,91156,54018,148367,93102,53331
,,,,7706,68442,28490,41099,53376,91156,54018,148367,93102,53331
,,,,7707,68442,28490,41099,53376,91156,54018,148367,93102,53331
,,,,7708,68442,28490,41099,53376,91156,54018,148367,93102,53331
,,,,7709,68442,28490,41099,53376,91156,54018,148367,93102,53331
,,,,7710,68442,28490,41099,53376,91156,54018,148367,93102,53331
,,,,7711,68442,28490,41099,53376,91156,54018,148367,93102,53331
,,,,7712,68442,28490,41099,53376,91156,54018,148367,93102,53331
,,,,7713,68442,28490,41099,53376,91156,54018,148367,93102,53331
,,,,7714,68442,28490,41099,53376,91156,54018,148367,93102,53331
,,,,7715,68442,28490,41099,53376,91156,54018,148367,93102,53331
,,,,7716,68442,28490,41099,53376,91156,54018,148367,93102,53331
,,,,7717,68442,28490,41099,53376,91156,54018,148367,93102,53331
,,,,7718,68442,28490,41099,53376,91156,54018,148367,93102,53331
,,,,7719,68442,28490,41099,53376,91156,54018,148367,93102,53331
,,,,7720,68442,28490,41099,53376,91156,54018,148367,93102,53331
,,,,7721,68442,28490,41099,53376,91156,54018,148367,93102,53331
,,,,7722,68442,28490,41099,53376,91156,54018,148367,93102,53331
,,,,7723,68442,28490,41099,53376,91156,54018,148367,93102,53331
,,,,7724,68442,28490,41099,53376,91156,54018,148367,93102,53331
,,,,7725,68442,28490,41099,53376,91156,54018,148367,93102,53331
,,,,7726,68442,28490,41099,53376,91156,54018,148367,93102,53331
,,,,7727,68442,28490,41099,53376,91156,54018,148367,93102,53331
,,,,7728,68442,28490,41099,53376,91156,54018,148367,93102,53331
,,,,7729,68442,28490,41099,53376,91156,54018,148367,93102,53331
,,,,7730,68442,28490,41099,53376,91156,54018,148367,93102,53331
,,,,7731,68442,28490,41099,53376,91156,54018,148367,93102,53331
,,,,7732,68442,28490,41099,53376,91156,54018,148367,93102,53331
,,,,7733,68442,28490,41099,53376,91156,54018,148367,93102,53331
,,,,7734,68442,28490,41099,53376,91156,54018,148367,93102,53331
,,,,7735,68442,28490,41099,53376,91156,54018,148367,93102,53331
,,,,7736,68442,28490,41099,53376,91156,54018,148367,93102,53331
,,,,7737,68442,28490,41099,53376,91156,54018,148367,93102,53331
,,,,7738,68442,28490,41099,53376,91156,54018,148367,93102,53331
,,,,7739,68442,28490,41099,53376,91156,54018,148367,93102,53331
,,,,7740,68442,28490,41099,53376,91156,54018,148367,93102,53331
,,,,7741,68442,28490,41099,53376,91156,54018,148367,93102,53331
,,,,7742,68442,28490,41099,53376,91156,54018,148367,93102,53331
,,,,7743,68442,28490,41099,53376,91156,54018,148367,93102,53331
,,,,7744,68442,28490,41099,53376,91156,54018,148367,93102,53331
,,,,7745,68442,28490,41099,53376,91156,54018,148367,93102,53331
,,,,7746,68442,28490,41099,53376,91156,54018,148367,93102,53331
,,,,7747,68442,28490,41099,53376,91156,54018,148367,93102,53331
,,,,7748,68442,28490,41099,53376,91156,54018,148367,93102,53331
,,,,7749,68442,28490,41099,53376,91156,54018,148367,93102,53331
,,,,7750,68442,28490,41099,53376,91156,54018,148367,93102,53331
,,,,7751,68442,28490,41099,53376,91156,54018,148367,93102,53331
,,,,7752,68442,28490,41099,53376,91156,54018,148367,93102,53331
,,,,7753,68442,28490,41099,53376,91156,54018,148367,93102,53331
,,,,7754,68442,28490,41099,53376,91156,54018,148367,93102,53331
,,,,7755,68442,28490,41099,53376,91156,54018,148367,93102,53331
,,,,7756,68442,28490,41099,53376,91156,54018,148367,93102,53331
,,,,7757,68442,28490,41099,53376,91156,54018,148367,93102,53331
,,,,7758,68442,28490,41099,53376,91156,54018,148367,93102,53331
,,,,7759,68442,28490,41099,53376,91156,54018,148367,93102,53331
,,,,7760,68442,28490,41099,53376,91156,54018,148367,93102,53331
,,,,7761,68442,28490,41099,53376,91156,54018,148367,93102,53331
,,,,7762,68442,28490,41099,53376,91156,54018,148367,93102,53331
,,,,7763,68442,28490,41099,53376,91156,54018,148367,93102,53331
,,,,7764,68442,28490,41099,53376,91156,54018,148367,93102,53331
,,,,7765,68442,28490,41099,53376,91156,54018,148367,93102,53331
,,,,7766,68442,28490,41099,53376,91156,54018,148367,93102,53331
,,,,7767,68442,28490,41099,53376,91156,54018,148367,93102,53331
,,,,7768,68442,28490,41099,53376,91156,54018,148367,93102,53331
,,,,7769,68442,28490,41099,53376,91156,54018,148367,93102,53331
,,,,7770,68442,28490,41099,53376,91156,54018,148367,93102,53331
,,,,7771,68442,28490,41099,53376,91156,54018,148367,93102,53331
,,,,7772,68442,28490,41099,53376,91156,54018,148367,93102,53331
,,,,7773,68442,28490,41099,53376,91156,54018,148367,93102,53331
,,,,7774,68442,28490,41099,53376,91156,54018,148367,93102,53331
,,,,7775,68442,28490,41099,53376,91156,54018,148367,93102,53331
,,,,7776,68442,28490,41099,53376,91156,54018,148367,93102,53331
,,,,7777,68442,28490,41099,53376,91156,54018,148367,93102,53331
,,,,7778,68442,28490,41099,53376,91156,54018,148367,93102,53331
,,,,7779,68442,28490,41099,53376,91156,54018,148367,93102,53331
,,,,7780,68442,28490,41099,53376,91156,54018,148367,93102,53331
,,,,7781,68442,28490,41099,53376,91156,54018,148367,93102,53331
,,,,7782,68442,28490,41099,53376,91156,54018,148367,93102,53331
,,,,7783,68442,28490,41099,53376,91156,54018,148367,93102,53331
,,,,7784,68442,28490,41099,53376,91156,54018,148367,93102,53331
,,,,7785,68442,28490,41099,53376,91156,54018,148367,93102,53331
,,,,7786,68442,28490,41099,53376,91156,54018,148367,93102,53331
,,,,7787,68442,28490,41099,53376,91156,54018,148367,93102,53331
,,,,7788,68442,28490,41099,53376,91156,54018,148367,93102,53331
,,,,7789,68442,28490,41099,53376,91156,54018,148367,93102,53331
,,,,7790,68442,28490,41099,53376,91156,54018,148367,93102,53331
,,,,7791,68442,28490,41099,53376,91156,54018,148367,93102,53331
,,,,7792,68442,28490,41099,53376,91156,54018,148367,93102,53331
,,,,7793,68442,28490,41099,53376,91156,54018,148367,93102,53331
,,,,7794,68442,28490,41099,53376,91156,54018,148367,93102,53331
,,,,7795,68442,28490,41099,53376,91156,54018,148367,93102,53331
,,,,7796,68442,28490,41099,53376,91156,54018,148367,93102,53331
,,,,7797,68442,28490,41099,53376,91156,54018,148367,93102,53331
,,,,7798,68442,28490,41099,53376,91156,54018,148367,93102,53331
,,,,7799,68442,28490,41099,53376,91156,54018,148367,93102,53331
,,,,7800,68442,28490,41099,53376,91156,54018,148367,93102,53331
,,,,7801,68442,28490,41099,53376,91156,54018,148367,93102,53331
,,,,7802,68442,28490,41099,53376,91156,54018,148367,93102,53331
,,,,7803,68442,28490,41099,53376,91156,54018,148367,93102,53331
,,,,7804,68442,28490,41099,53376,91156,54018,148367,93102,53331
,,,,7805,68442,28490,41099,53376,91156,54018,148367,93102,53331
,,,,7806,68442,28490,41099,53376,91156,54018,148367,93102,53331
,,,,7807,68442,28490,41099,53376,91156,54018,148367,93102,53331
,,,,7808,68442,28490,41099,53376,91156,54018,148367,93102,53331
,,,,7809,68442,28490,41099,53376,91156,54018,148367,93102,53331
,,,,7810,68442,28490,41099,53376,91156,54018,148367,93102,53331
,,,,7811,68442,28490,41099,53376,91156,54018,148367,93102,53331
,,,,7812,68442,28490,41099,53376,91156,54018,148367,93102,53331
,,,,7813,68442,28490,41099,53376,91156,54018,148367,93102,53331
,,,,7814,68442,28490,41099,53376,91156,54018,148367,93102,53331
,,,,7815,68442,28490,41099,53376,91156,54018,148367,93102,53331
,,,,7816,68442,28490,41099,53376,91156,54018,148367,93102,53331
,,,,7817,68442,28490,41099,53376,91156,54018,148367,93102,53331
,,,,7818,68442,28490,41099,53376,91156,54018,148367,93102,53331
,,,,7819,68442,28490,41099,53376,91156,54018,148367,93102,53331
,,,,7820,68442,28490,41099,53376,91156,54018,148367,93102,53331
,,,,7821,68442,28490,41099,53376,91156,54018,148367,93102,53331
,,,,7822,68442,28490,41099,53376,91156,54018,148367,93102,53331
,,,,7823,68442,28490,41099,53376,91156,54018,148367,93102,53331
,,,,7824,68442,28490,41099,53376,91156,54018,148367,93102,53331
,,,,7825,68442,28490,41099,53376,91156,54018,148367,93102,53331
,,,,7826,68442,28490,41099,53376,91156,54018,148367,93102,53331
,,,,7827,68442,28490,41099,53376,91156,54018,148367,93102,53331
,,,,7828,68442,28490,41099,53376,91156,54018,148367,93102,53331
,,,,7829,68442,28490,41099,53376,91156,54018,148367,93102,53331
,,,,7830,68442,28490,41099,53376,91156,54018,148367,93102,53331
,,,,7831,68442,28490,41099,53376,91156,54018,148367,93102,53331
,,,,7832,68442,28490,41099,53376,91156,54018,148367,93102,53331
,,,,7833,68442,28490,41099,53376,91156,54018,148367,93102,53331
,,,,7834,68442,28490,41099,53376,91156,54018,148367,93102,53331
,,,,7835,68442,28490,41099,53376,91156,54018,148367,93102,53331
,,,,7836,68442,28490,41099,53376,91156,54018,148367,93102,53331
,,,,7837,68442,28490,41099,53376,91156,54018,148367,93102,53331
,,,,7838,68442,28490,41099,53376,91156,54018,148367,93102,53331
,,,,7839,68442,28490,41099,53376,91156,54018,148367,93102,53331
,,,,7840,68442,28490,41099,53376,91156,54018,148367,93102,53331
,,,,7841,68442,28490,41099,53376,91156,54018,148367,93102,53331
,,,,7842,68442,28490,41099,53376,91156,54018,148367,93102,53331
,,,,7843,68442,28490,41099,53376,91156,54018,148367,93102,53331
,,,,7844,68442,28490,41099,53376,91156,54018,148367,93102,53331
,,,,7845,68442,28490,41099,53376,91156,54018,148367,93102,53331
,,,,7846,68442,28490,41099,53376,91156,54018,148367,93102,53331
,,,,7847,68442,28490,41099,53376,91156,54018,148367,93102,53331
,,,,7848,68442,28490,41099,53376,91156,54018,148367,93102,53331
,,,,7849,68442,28490,41099,53376,91156,54018,148367,93102,53331
,,,,7850,68442,28490,41099,53376,91156,54018,148367,93102,53331
,,,,7851,68442,28490,41099,53376,91156,54018,148367,93102,53331
,,,,7852,68442,28490,41099,53376,91156,54018,148367,93102,53331
,,,,7853,68442,28490,41099,53376,91156,54018,148367,93102,53331
,,,,7854,68442,28490,41099,53376,91156,54018,148367,93102,53331
,,,,7855,68442,28490,41099,53376,91156,54018,148367,93102,53331
,,,,7856,68442,28490,41099,53376,91156,54018,148367,93102,53331
,,,,7857,68442,28490,41099,53376,91156,54018,148367,93102,53331
,,,,7858,68442,28490,41099,53376,91156,54018,148367,93102,53331
,,,,7859,68442,28490,41099,53376,91156,54018,148367,93102,53331
,,,,7860,68442,28490,41099,53376,91156,54018,148367,93102,53331
,,,,7861,68442,28490,41099,53376,91156,54018,148367,93102,53331
,,,,7862,68442,28490,41099,53376,91156,54018,148367,93102,53331
,,,,7863,68442,28490,41099,53376,91156,54018,148367,93102,53331
,,,,7864,68442,28490,41099,53376,91156,54018,148367,93102,53331
,,,,7865,68442,28490,41099,53376,91156,54018,148367,93102,53331
,,,,7866,68442,28490,41099,53376,91156,54018,148367,93102,53331
,,,,7867,68442,28490,41099,53376,91156,54018,148367,93102,53331
,,,,7868,68442,28490,41099,53376,91156,54018,148367,93102,53331
,,,,7869,68442,28490,41099,53376,91156,54018,148367,93102,53331
,,,,7870,68442,28490,41099,53376,91156,54018,148367,93102,53331
,,,,7871,68442,28490,41099,53376,91156,54018,148367,93102,53331
,,,,7872,68442,28490,41099,53376,91156,54018,148367,93102,53331
,,,,7873,68442,28490,41099,53376,91156,54018,148367,93102,53331
,,,,7874,68442,28490,41099,53376,91156,54018,148367,93102,53331
,,,,7875,68442,28490,41099,53376,91156,54018,148367,93102,53331
,,,,7876,68442,28490,41099,53376,91156,54018,148367,93102,53331
,,,,7877,68442,28490,41099,53376,91156,54018,148367,93102,53331
,,,,7878,68442,28490,41099,53376,91156,54018,148367,93102,53331
,,,,7879,68442,28490,41099,53376,91156,54018,148367,93102,53331
,,,,7880,68442,28490,41099,53376,91156,54018,148367,93102,53331
,,,,7881,68442,28490,41099,53376,91156,54018,148367,93102,53331
,,,,7882,68442,28490,41099,53376,91156,54018,148367,93102,53331
,,,,7883,68442,28490,41099,53376,91156,54018,148367,93102,53331
,,,,7884,68442,28490,41099,53376,91156,54018,148367,93102,53331
,,,,7885,68442,28490,41099,53376,91156,54018,148367,93102,53331
,,,,7886,68442,28490,41099,53376,91156,54018,148367,93102,53331
,,,,7887,68442,28490,41099,53376,91156,54018,148367,93102,53331
,,,,7888,68442,28490,41099,53376,91156,54018,148367,93102,53331
,,,,7889,68442,28490,41099,53376,91156,54018,148367,93102,53331
,,,,7890,68442,28490,41099,53376,91156,54018,148367,93102,53331
,,,,7891,68442,28490,41099,53376,91156,54018,148367,93102,53331
,,,,7892,68442,28490,41099,53376,91156,54018,148367,93102,53331
,,,,7893,68442,28490,41099,53376,91156,54018,148367,93102,53331
,,,,7894,68442,28490,41099,53376,91156,54018,148367,93102,53331
,,,,7895,68442,28490,41099,53376,91156,54018,148367,93102,53331
,,,,7896,68442,28490,41099,53376,91156,54018,148367,93102,53331
,,,,7897,68442,28490,41099,53376,91156,54018,148367,93102,53331
,,,,7898,68442,28490,41099,53376,91156,54018,148367,93102,53331
,,,,7899,68442,28490,41099,53376,91156,54018,148367,93102,53331
,,,,7900,68442,28490,41099,53376,91156,54018,148367,93102,53331
,,,,7901,68442,28490,41099,53376,91156,54018,148367,93102,53331
,,,,7902,68442,28490,41099,53376,91156,54018,148367,93102,53331
,,,,7903,68442,28490,41099,53376,91156,54018,148367,93102,53331
,,,,7904,68442,28490,41099,53376,91156,54018,148367,93102,53331
,,,,7905,68442,28490,41099,53376,91156,54018,148367,93102,53331
,,,,7906,68442,28490,41099,53376,91156,54018,148367,93102,53331
,,,,7907,68442,28490,41099,53376,91156,54018,148367,93102,53331
,,,,7908,68442,28490,41099,53376,91156,54018,148367,93102,53331
,,,,7909,68442,28490,41099,53376,91156,54018,148367,93102,53331
,,,,7910,68442,28490,41099,53376,91156,54018,148367,93102,53331
,,,,7911,68442,28490,41099,53376,91156,54018,148367,93102,53331
,,,,7912,68442,28490,41099,53376,91156,54018,148367,93102,53331
,,,,7913,68442,28490,41099,53376,91156,54018,148367,93102,53331
,,,,7914,68442,28490,41099,53376,91156,54018,148367,93102,53331
,,,,7915,68442,28490,41099,53376,91156,54018,148367,93102,53331
,,,,7916,68442,28490,41099,53376,91156,54018,148367,93102,53331
,,,,7917,68442,28490,41099,53376,91156,54018,148367,93102,53331
,,,,7918,68442,28490,41099,53376,91156,54018,148367,93102,53331
,,,,7919,68442,28490,41099,53376,91156,54018,148367,93102,53331
,,,,7920,68442,28490,41099,53376,91156,54018,148367,93102,53331
,,,,7921,68442,28490,41099,53376,91156,54018,148367,93102,53331
,,,,7922,68442,28490,41099,53376,91156,54018,148367,93102,53331
,,,,7923,68442,28490,41099,53376,91156,54018,148367,93102,53331
,,,,7924,68442,28490,41099,53376,91156,54018,148367,93102,53331
,,,,7925,68442,28490,41099,53376,91156,54018,148367,93102,53331
,,,,7926,68442,28490,41099,53376,91156,54018,148367,93102,53331
,,,,7927,68442,28490,41099,53376,91156,54018,148367,93102,53331
,,,,7928,68442,28490,41099,53376,91156,54018,148367,93102,53331
,,,,7929,68442,28490,41099,53376,91156,54018,148367,93102,53331
,,,,7930,68442,28490,41099,53376,91156,54018,148367,93102,53331
,,,,7931,68442,28490,41099,53376,91156,54018,148367,93102,53331
,,,,7932,68442,28490,41099,53376,91156,54018,148367,93102,53331
,,,,7933,68442,28490,41099,53376,91156,54018,148367,93102,53331
,,,,7934,68442,28490,41099,53376,91156,54018,148367,93102,53331
,,,,7935,68442,28490,41099,53376,91156,54018,148367,93102,53331
,,,,7936,68442,28490,41099,53376,91156,54018,148367,93102,53331
,,,,7937,68442,28490,41099,53376,91156,54018,148367,93102,53331
,,,,7938,68442,28490,41099,53376,91156,54018,148367,93102,53331
,,,,7939,68442,28490,41099,53376,91156,54018,148367,93102,53331
,,,,7940,68442,28490,41099,53376,91156,54018,148367,93102,53331
,,,,7941,68442,28490,41099,53376,91156,54018,148367,93102,53331
,,,,7942,68442,28490,41099,53376,91156,54018,148367,93102,53331
,,,,7943,68442,28490,41099,53376,91156,54018,148367,93102,53331
,,,,7944,68442,28490,41099,53376,91156,54018,148367,93102,53331
,,,,7945,68442,28490,41099,53376,91156,54018,148367,93102,53331
,,,,7946,68442,28490,41099,53376,91156,54018,148367,93102,53331
,,,,7947,68442,28490,41099,53376,91156,54018,148367,93102,53331
,,,,7948,68442,28490,41099,53376,91156,54018,148367,93102,53331
,,,,7949,68442,28490,41099,53376,91156,54018,148367,93102,53331
,,,,7950,68442,28490,41099,53376,91156,54018,148367,93102,53331
,,,,7951,68442,28490,41099,53376,91156,54018,148367,93102,53331
,,,,7952,68442,28490,41099,53376,91156,54018,148367,93102,53331
,,,,7953,68442,28490,41099,53376,91156,54018,148367,93102,53331
,,,,7954,68442,28490,41099,53376,91156,54018,148367,93102,53331
,,,,7955,68442,28490,41099,53376,91156,54018,148367,93102,53331
,,,,7956,68442,28490,41099,53376,91156,54018,148367,93102,53331
,,,,7957,68442,28490,41099,53376,91156,54018,148367,93102,53331
,,,,7958,68442,28490,41099,53376,91156,54018,148367,93102,53331
,,,,7959,68442,28490,41099,53376,91156,54018,148367,93102,53331
,,,,7960,68442,28490,41099,53376,91156,54018,148367,93102,53331
,,,,7961,68442,28490,41099,53376,91156,54018,148367,93102,53331
,,,,7962,68442,28490,41099,53376,91156,54018,148367,93102,53331
,,,,7963,68442,28490,41099,53376,91156,54018,148367,93102,53331
,,,,7964,68442,28490,41099,53376,91156,54018,148367,93102,53331
,,,,7965,68442,28490,41099,53376,91156,54018,148367,93102,53331
,,,,7966,68442,28490,41099,53376,91156,54018,148367,93102,53331
,,,,7967,68442,28490,41099,53376,91156,54018,148367,93102,53331
,,,,7968,68442,28490,41099,53376,91156,54018,148367,93102,53331
,,,,7969,68442,28490,41099,53376,91156,54018,148367,93102,53331
,,,,7970,68442,28490,41099,53376,91156,54018,148367,93102,53331
,,,,7971,68442,28490,41099,53376,91156,54018,148367,93102,53331
,,,,7972,68442,28490,41099,53376,91156,54018,148367,93102,53331
,,,,7973,68442,28490,41099,53376,91156,54018,148367,93102,53331
,,,,7974,68442,28490,41099,53376,91156,54018,148367,93102,53331
,,,,7975,68442,28490,41099,53376,91156,54018,148367,93102,53331
,,,,7976,68442,28490,41099,53376,91156,54018,148367,93102,53331
,,,,7977,68442,28490,41099,53376,91156,54018,148367,93102,53331
,,,,7978,68442,28490,41099,53376,91156,54018,148367,93102,53331
,,,,7979,68442,28490,41099,53376,91156,54018,148367,93102,53331
,,,,7980,68442,28490,41099,53376,91156,54018,148367,93102,53331
,,,,7981,68442,28490,41099,53376,91156,54018,148367,93102,53331
,,,,7982,68442,28490,41099,53376,91156,54018,148367,93102,53331
,,,,7983,68442,28490,41099,53376,91156,54018,148367,93102,53331
,,,,7984,68442,28490,41099,53376,91156,54018,148367,93102,53331
,,,,7985,68442,28490,41099,53376,91156,54018,148367,93102,53331
,,,,7986,68442,28490,41099,53376,91156,54018,148367,93102,53331
,,,,7987,68442,28490,41099,53376,91156,54018,148367,93102,53331
,,,,7988,68442,28490,41099,53376,91156,54018,148367,93102,53331
,,,,7989,68442,28490,41099,53376,91156,54018,148367,93102,53331
,,,,7990,68442,28490,41099,53376,91156,54018,148367,93102,53331
,,,,7991,68442,28490,41099,53376,91156,54018,148367,93102,53331
,,,,7992,68442,28490,41099,53376,91156,54018,148367,93102,53331
,,,,7993,68442,28490,41099,53376,91156,54018,148367,93102,53331
,,,,7994,68442,28490,41099,53376,91156,54018,148367,93102,53331
,,,,7995,68442,28490,41099,53376,91156,54018,148367,93102,53331
,,,,7996,68442,28490,41099,53376,91156,54018,148367,93102,53331
,,,,7997,68442,28490,41099,53376,91156,54018,148367,93102,53331
,,,,7998,68442,28490,41099,53376,91156,54018,148367,93102,53331
,,,,7999,68442,28490,41099,53376,91156,54018,148367,93102,53331
,,,,8000,68442,28490,41099,53376,91156,54018,148367,93102,53331
,,,,8001,68442,28490,41099,53376,91156,54018,148367,93102,53331
,,,,8002,68442,28490,41099,53376,91156,54018,148367,93102,53331
,,,,8003,68442,28490,41099,53376,91156,54018,148367,93102,53331
,,,,8004,68442,28490,41099,53376,91156,54018,148367,93102,53331
,,,,8005,68442,28490,41099,53376,91156,54018,148367,93102,53331
,,,,8006,68442,28490,41099,53376,91156,54018,148367,93102,53331
,,,,8007,68442,28490,41099,53376,91156,54018,148367,93102,53331
,,,,8008,68442,28490,41099,53376,91156,54018,148367,93102,53331
,,,,8009,68442,28490,41099,53376,91156,54018,148367,93102,53331
,,,,8010,68442,28490,41099,53376,91156,54018,148367,93102,53331
,,,,8011,68442,28490,41099,53376,91156,54018,148367,93102,53331
,,,,8012,68442,28490,41099,53376,91156,54018,148367,93102,53331
,,,,8013,68442,28490,41099,53376,91156,54018,148367,93102,53331
,,,,8014,68442,28490,41099,53376,91156,54018,148367,93102,53331
,,,,8015,68442,28490,41099,53376,91156,54018,148367,93102,53331
,,,,8016,68442,28490,41099,53376,91156,54018,148367,93102,53331
,,,,8017,68442,28490,41099,53376,91156,54018,148367,93102,53331
,,,,8018,68442,28490,41099,53376,91156,54018,148367,93102,53331
,,,,8019,68442,28490,41099,53376,91156,54018,148367,93102,53331
,,,,8020,68442,28490,41099,53376,91156,54018,148367,93102,53331
,,,,8021,68442,28490,41099,53376,91156,54018,148367,93102,53331
,,,,8022,68442,28490,41099,53376,91156,54018,148367,93102,53331
,,,,8023,68442,28490,41099,53376,91156,54018,148367,93102,53331
,,,,8024,68442,28490,41099,53376,91156,54018,148367,93102,53331
,,,,8025,68442,28490,41099,53376,91156,54018,148367,93102,53331
,,,,8026,68442,28490,41099,53376,91156,54018,148367,93102,53331
,,,,8027,68442,28490,41099,53376,91156,54018,148367,93102,53331
,,,,8028,68442,28490,41099,53376,91156,54018,148367,93102,53331
,,,,8029,68442,28490,41099,53376,91156,54018,148367,93102,53331
,,,,8030,68442,28490,41099,53376,91156,54018,148367,93102,53331
,,,,8031,68442,28490,41099,53376,91156,54018,148367,93102,53331
,,,,8032,68442,28490,41099,53376,91156,54018,148367,93102,53331
,,,,8033,68442,28490,41099,53376,91156,54018,148367,93102,53331
,,,,8034,68442,28490,41099,53376,91156,54018,148367,93102,53331
,,,,8035,68442,28490,41099,53376,91156,54018,148367,93102,53331
,,,,8036,68442,28490,41099,53376,91156,54018,148367,93102,53331
,,,,8037,68442,28490,41099,53376,91156,54018,148367,93102,53331
,,,,8038,68442,28490,41099,53376,91156,54018,148367,93102,53331
,,,,8039,68442,28490,41099,53376,91156,54018,148367,93102,53331
,,,,8040,68442,28490,41099,53376,91156,54018,148367,93102,53331
,,,,8041,68442,28490,41099,53376,91156,54018,148367,93102,53331
,,,,8042,68442,28490,41099,53376,91156,54018,148367,93102,53331
,,,,8043,68442,28490,41099,53376,91156,54018,148367,93102,53331
,,,,8044,68442,28490,41099,53376,91156,54018,148367,93102,53331
,,,,8045,68442,28490,41099,53376,91156,54018,148367,93102,53331
,,,,8046,68442,28490,41099,53376,91156,54018,148367,93102,53331
,,,,8047,68442,28490,41099,53376,91156,54018,148367,93102,53331
,,,,8048,68442,28490,41099,53376,91156,54018,148367,93102,53331
,,,,8049,68442,28490,41099,53376,91156,54018,148367,93102,53331
,,,,8050,68442,28490,41099,53376,91156,54018,148367,93102,53331
,,,,8051,68442,28490,41099,53376,91156,54018,148367,93102,53331
,,,,8052,68442,28490,41099,53376,91156,54018,148367,93102,53331
,,,,8053,68442,28490,41099,53376,91156,54018,148367,93102,53331
,,,,8054,68442,28490,41099,53376,91156,54018,148367,93102,53331
,,,,8055,68442,28490,41099,53376,91156,54018,148367,93102,53331
,,,,8056,68442,28490,41099,53376,91156,54018,148367,93102,53331
,,,,8057,68442,28490,41099,53376,91156,54018,148367,93102,53331
,,,,8058,68442,28490,41099,53376,91156,54018,148367,93102,53331
,,,,8059,68442,28490,41099,53376,91156,54018,148367,93102,53331
,,,,8060,68442,28490,41099,53376,91156,54018,148367,93102,53331
,,,,8061,68442,28490,41099,53376,91156,54018,148367,93102,53331
,,,,8062,68442,28490,41099,53376,91156,54018,148367,93102,53331
,,,,8063,68442,28490,41099,53376,91156,54018,148367,93102,53331
,,,,8064,68442,28490,41099,53376,91156,54018,148367,93102,53331
,,,,8065,68442,28490,41099,53376,91156,54018,148367,93102,53331
,,,,8066,68442,28490,41099,53376,91156,54018,148367,93102,53331
,,,,8067,68442,28490,41099,53376,91156,54018,148367,93102,53331
,,,,8068,68442,28490,41099,53376,91156,54018,148367,93102,53331
,,,,8069,68442,28490,41099,53376,91156,54018,148367,93102,53331
,,,,8070,68442,28490,41099,53376,91156,54018,148367,93102,53331
,,,,8071,68442,28490,41099,53376,91156,54018,148367,93102,53331
,,,,8072,68442,28490,41099,53376,91156,54018,148367,93102,53331
,,,,8073,68442,28490,41099,53376,91156,54018,148367,93102,53331
,,,,8074,68442,28490,41099,53376,91156,54018,148367,93102,53331
,,,,8075,68442,28490,41099,53376,91156,54018,148367,93102,53331
,,,,8076,68442,28490,41099,53376,91156,54018,148367,93102,53331
,,,,8077,68442,28490,41099,53376,91156,54018,148367,93102,53331
,,,,8078,68442,28490,41099,53376,91156,54018,148367,93102,53331
,,,,8079,68442,28490,41099,53376,91156,54018,148367,93102,53331
,,,,8080,68442,28490,41099,53376,91156,54018,148367,93102,53331
,,,,8081,68442,28490,41099,53376,91156,54018,148367,93102,53331
,,,,8082,68442,28490,41099,53376,91156,54018,148367,93102,53331
,,,,8083,68442,28490,41099,53376,91156,54018,148367,93102,53331
,,,,8084,68442,28490,41099,53376,91156,54018,148367,93102,53331
,,,,8085,68442,28490,41099,53376,91156,54018,148367,93102,53331
,,,,8086,68442,28490,41099,53376,91156,54018,148367,93102,53331
,,,,8087,68442,28490,41099,53376,91156,54018,148367,93102,53331
,,,,8088,68442,28490,41099,53376,91156,54018,148367,93102,53331
,,,,8089,68442,28490,41099,53376,91156,54018,148367,93102,53331
,,,,8090,68442,28490,41099,53376,91156,54018,148367,93102,53331
,,,,8091,68442,28490,41099,53376,91156,54018,148367,93102,53331
,,,,8092,68442,28490,41099,53376,91156,54018,148367,93102,53331
,,,,8093,68442,28490,41099,53376,91156,54018,148367,93102,53331
,,,,8094,68442,28490,41099,53376,91156,54018,148367,93102,53331
,,,,8095,68442,28490,41099,53376,91156,54018,148367,93102,53331
,,,,8096,68442,28490,41099,53376,91156,54018,148367,93102,53331
,,,,8097,68442,28490,41099,53376,91156,54018,148367,93102,53331
,,,,8098,68442,28490,41099,53376,91156,54018,148367,93102,53331
,,,,8099,68442,28490,41099,53376,91156,54018,148367,93102,53331
,,,,8100,68442,28490,41099,53376,91156,54018,148367,93102,53331
,,,,8101,68442,28490,41099,53376,91156,54018,148367,93102,53331
,,,,8102,68442,28490,41099,53376,91156,54018,148367,93102,53331
,,,,8103,68442,28490,41099,53376,91156,54018,148367,93102,53331
,,,,8104,68442,28490,41099,53376,91156,54018,148367,93102,53331
,,,,8105,68442,28490,41099,53376,91156,54018,148367,93102,53331
,,,,8106,68442,28490,41099,53376,91156,54018,148367,93102,53331
,,,,8107,68442,28490,41099,53376,91156,54018,148367,93102,53331
,,,,8108,68442,28490,41099,53376,91156,54018,148367,93102,53331
,,,,8109,68442,28490,41099,53376,91156,54018,148367,93102,53331
,,,,8110,68442,28490,41099,53376,91156,54018,148367,93102,53331
,,,,8111,68442,28490,41099,53376,91156,54018,148367,93102,53331
,,,,8112,68442,28490,41099,53376,91156,54018,148367,93102,53331
,,,,8113,68442,28490,41099,53376,91156,54018,148367,93102,53331
,,,,8114,68442,28490,41099,53376,91156,54018,148367,93102,53331
,,,,8115,68442,28490,41099,53376,91156,54018,148367,93102,53331
,,,,8116,68442,28490,41099,53376,91156,54018,148367,93102,53331
,,,,8117,68442,28490,41099,53376,91156,54018,148367,93102,53331
,,,,8118,68442,28490,41099,53376,91156,54018,148367,93102,53331
,,,,8119,68442,28490,41099,53376,91156,54018,148367,93102,53331
,,,,8120,68442,28490,41099,53376,91156,54018,148367,93102,53331
,,,,8121,68442,28490,41099,53376,91156,54018,148367,93102,53331
,,,,8122,68442,28490,41099,53376,91156,54018,148367,93102,53331
,,,,8123,68442,28490,41099,53376,91156,54018,148367,93102,53331
,,,,8124,68442,28490,41099,53376,91156,54018,148367,93102,53331
,,,,8125,68442,28490,41099,53376,91156,54018,148367,93102,53331
,,,,8126,68442,28490,41099,53376,91156,54018,148367,93102,53331
,,,,8127,68442,28490,41099,53376,91156,54018,148367,93102,53331
,,,,8128,68442,28490,41099,53376,91156,54018,148367,93102,53331
,,,,8129,68442,28490,41099,53376,91156,54018,148367,93102,53331
,,,,8130,68442,28490,41099,53376,91156,54018,148367,93102,53331
,,,,8131,68442,28490,41099,53376,91156,54018,148367,93102,53331
,,,,8132,68442,28490,41099,53376,91156,54018,148367,93102,53331
,,,,8133,68442,28490,41099,53376,91156,54018,148367,93102,53331
,,,,8134,68442,28490,41099,53376,91156,54018,148367,93102,53331
,,,,8135,68442,28490,41099,53376,91156,54018,148367,93102,53331
,,,,8136,68442,28490,41099,53376,91156,54018,148367,93102,53331
,,,,8137,68442,28490,41099,53376,91156,54018,148367,93102,53331
,,,,8138,68442,28490,41099,53376,91156,54018,148367,93102,53331
,,,,8139,68442,28490,41099,53376,91156,54018,148367,93102,53331
,,,,8140,68442,28490,41099,53376,91156,54018,148367,93102,53331
,,,,8141,68442,28490,41099,53376,91156,54018,148367,93102,53331
,,,,8142,68442,28490,41099,53376,91156,54018,148367,93102,53331
,,,,8143,68442,28490,41099,53376,91156,54018,148367,93102,53331
,,,,8144,68442,28490,41099,53376,91156,54018,148367,93102,53331
,,,,8145,68442,28490,41099,53376,91156,54018,148367,93102,53331
,,,,8146,68442,28490,41099,53376,91156,54018,148367,93102,53331
,,,,8147,68442,28490,41099,53376,91156,54018,148367,93102,53331
,,,,8148,68442,28490,41099,53376,91156,54018,148367,93102,53331
,,,,8149,68442,28490,41099,53376,91156,54018,148367,93102,53331
,,,,8150,68442,28490,41099,53376,91156,54018,148367,93102,53331
,,,,8151,68442,28490,41099,53376,91156,54018,148367,93102,53331
,,,,8152,68442,28490,41099,53376,91156,54018,148367,93102,53331
,,,,8153,68442,28490,41099,53376,91156,54018,148367,93102,53331
,,,,8154,68442,28490,41099,53376,91156,54018,148367,93102,53331
,,,,8155,68442,28490,41099,53376,91156,54018,148367,93102,53331
,,,,8156,68442,28490,41099,53376,91156,54018,148367,93102,53331
,,,,8157,68442,28490,41099,53376,91156,54018,148367,93102,53331
,,,,8158,68442,28490,41099,53376,91156,54018,148367,93102,53331
,,,,8159,68442,28490,41099,53376,91156,54018,148367,93102,53331
,,,,8160,68442,28490,41099,53376,91156,54018,148367,93102,53331
,,,,8161,68442,28490,41099,53376,91156,54018,148367,93102,53331
,,,,8162,68442,28490,41099,53376,91156,54018,148367,93102,53331
,,,,8163,68442,28490,41099,53376,91156,54018,148367,93102,53331
,,,,8164,68442,28490,41099,53376,91156,54018,148367,93102,53331
,,,,8165,68442,28490,41099,53376,91156,54018,148367,93102,53331
,,,,8166,68442,28490,41099,53376,91156,54018,148367,93102,53331
,,,,8167,68442,28490,41099,53376,91156,54018,148367,93102,53331
,,,,8168,68442,28490,41099,53376,91156,54018,148367,93102,53331
,,,,8169,68442,28490,41099,53376,91156,54018,148367,93102,53331
,,,,8170,68442,28490,41099,53376,91156,54018,148367,93102,53331
,,,,8171,68442,28490,41099,53376,91156,54018,148367,93102,53331
,,,,8172,68442,28490,41099,53376,91156,54018,148367,93102,53331
,,,,8173,68442,28490,41099,53376,91156,54018,148367,93102,53331
,,,,8174,68442,28490,41099,53376,91156,54018,148367,93102,53331
,,,,8175,68442,28490,41099,53376,91156,54018,148367,93102,53331
,,,,8176,68442,28490,41099,53376,91156,54018,148367,93102,53331
,,,,8177,68442,28490,41099,53376,91156,54018,148367,93102,53331
,,,,8178,68442,28490,41099,53376,91156,54018,148367,93102,53331
,,,,8179,68442,28490,41099,53376,91156,54018,148367,93102,53331
,,,,8180,68442,28490,41099,53376,91156,54018,148367,93102,53331
,,,,8181,68442,28490,41099,53376,91156,54018,148367,93102,53331
,,,,8182,68442,28490,41099,53376,91156,54018,148367,93102,53331
,,,,8183,68442,28490,41099,53376,91156,54018,148367,93102,53331
,,,,8184,68442,28490,41099,53376,91156,54018,148367,93102,53331
,,,,8185,68442,28490,41099,53376,91156,54018,148367,93102,53331
,,,,8186,68442,28490,41099,53376,91156,54018,148367,93102,53331
,,,,8187,68442,28490,41099,53376,91156,54018,148367,93102,53331
,,,,8188,68442,28490,41099,53376,91156,54018,148367,93102,53331
,,,,8189,68442,28490,41099,53376,91156,54018,148367,93102,53331
,,,,8190,68442,28490,41099,53376,91156,54018,148367,93102,53331
,,,,8191,68442,28490,41099,53376,91156,54018,148367,93102,53331
,,,,8192,68442,28490,41099,53376,91156,54018,148367,93102,53331
,,,,8193,68442,28490,41099,53376,91156,54018,148367,93102,53331
,,,,8194,68442,28490,41099,53376,91156,54018,148367,93102,53331
,,,,8195,68442,28490,41099,53376,91156,54018,148367,93102,53331
,,,,8196,68442,28490,41099,53376,91156,54018,148367,93102,53331
,,,,8197,68442,28490,41099,53376,91156,54018,148367,93102,53331
,,,,8198,68442,28490,41099,53376,91156,54018,148367,93102,53331
,,,,8199,68442,28490,41099,53376,91156,54018,148367,93102,53331
,,,,8200,68442,28490,41099,53376,91156,54018,148367,93102,53331
,,,,8201,68442,28490,41099,53376,91156,54018,148367,93102,53331
,,,,8202,68442,28490,41099,53376,91156,54018,148367,93102,53331
,,,,8203,68442,28490,41099,53376,91156,54018,148367,93102,53331
,,,,8204,68442,28490,41099,53376,91156,54018,148367,93102,53331
,,,,8205,68442,28490,41099,53376,91156,54018,148367,93102,53331
,,,,8206,68442,28490,41099,53376,91156,54018,148367,93102,53331
,,,,8207,68442,28490,41099,53376,91156,54018,148367,93102,53331
,,,,8208,68442,28490,41099,53376,91156,54018,148367,93102,53331
,,,,8209,68442,28490,41099,53376,91156,54018,148367,93102,53331
,,,,8210,68442,28490,41099,53376,91156,54018,148367,93102,53331
,,,,8211,68442,28490,41099,53376,91156,54018,148367,93102,53331
,,,,8212,68442,28490,41099,53376,91156,54018,148367,93102,53331
,,,,8213,68442,28490,41099,53376,91156,54018,148367,93102,53331
,,,,8214,68442,28490,41099,53376,91156,54018,148367,93102,53331
,,,,8215,68442,28490,41099,53376,91156,54018,148367,93102,53331
,,,,8216,68442,28490,41099,53376,91156,54018,148367,93102,53331
,,,,8217,68442,28490,41099,53376,91156,54018,148367,93102,53331
,,,,8218,68442,28490,41099,53376,91156,54018,148367,93102,53331
,,,,8219,68442,28490,41099,53376,91156,54018,148367,93102,53331
,,,,8220,68442,28490,41099,53376,91156,54018,148367,93102,53331
,,,,8221,68442,28490,41099,53376,91156,54018,148367,93102,53331
,,,,8222,68442,28490,41099,53376,91156,54018,148367,93102,53331
,,,,8223,68442,28490,41099,53376,91156,54018,148367,93102,53331
,,,,8224,68442,28490,41099,53376,91156,54018,148367,93102,53331
,,,,8225,68442,28490,41099,53376,91156,54018,148367,93102,53331
,,,,8226,68442,28490,41099,53376,91156,54018,148367,93102,53331
,,,,8227,68442,28490,41099,53376,91156,54018,148367,93102,53331
,,,,8228,68442,28490,41099,53376,91156,54018,148367,93102,53331
,,,,8229,68442,28490,41099,53376,91156,54018,148367,93102,53331
,,,,8230,68442,28490,41099,53376,91156,54018,148367,93102,53331
,,,,8231,68442,28490,41099,53376,91156,54018,148367,93102,53331
,,,,8232,68442,28490,41099,53376,91156,54018,148367,93102,53331
,,,,8233,68442,28490,41099,53376,91156,54018,148367,93102,53331
,,,,8234,68442,28490,41099,53376,91156,54018,148367,93102,53331
,,,,8235,68442,28490,41099,53376,91156,54018,148367,93102,53331
,,,,8236,68442,28490,41099,53376,91156,54018,148367,93102,53331
,,,,8237,68442,28490,41099,53376,91156,54018,148367,93102,53331
,,,,8238,68442,28490,41099,53376,91156,54018,148367,93102,53331
,,,,8239,68442,28490,41099,53376,91156,54018,148367,93102,53331
,,,,8240,68442,28490,41099,53376,91156,54018,148367,93102,53331
,,,,8241,68442,28490,41099,53376,91156,54018,148367,93102,53331
,,,,8242,68442,28490,41099,53376,91156,54018,148367,93102,53331
,,,,8243,68442,28490,41099,53376,91156,54018,148367,93102,53331
,,,,8244,68442,28490,41099,53376,91156,54018,148367,93102,53331
,,,,8245,68442,28490,41099,53376,91156,54018,148367,93102,53331
,,,,8246,68442,28490,41099,53376,91156,54018,148367,93102,53331
,,,,8247,68442,28490,41099,53376,91156,54018,148367,93102,53331
,,,,8248,68442,28490,41099,53376,91156,54018,148367,93102,53331
,,,,8249,68442,28490,41099,53376,91156,54018,148367,93102,53331
,,,,8250,68442,28490,41099,53376,91156,54018,148367,93102,53331
,,,,8251,68442,28490,41099,53376,91156,54018,148367,93102,53331
,,,,8252,68442,28490,41099,53376,91156,54018,148367,93102,53331
,,,,8253,68442,28490,41099,53376,91156,54018,148367,93102,53331
,,,,8254,68442,28490,41099,53376,91156,54018,148367,93102,53331
,,,,8255,68442,28490,41099,53376,91156,54018,148367,93102,53331
,,,,8256,68442,28490,41099,53376,91156,54018,148367,93102,53331
,,,,8257,68442,28490,41099,53376,91156,54018,148367,93102,53331
,,,,8258,68442,28490,41099,53376,91156,54018,148367,93102,53331
,,,,8259,68442,28490,41099,53376,91156,54018,148367,93102,53331
,,,,8260,68442,28490,41099,53376,91156,54018,148367,93102,53331
,,,,8261,68442,28490,41099,53376,91156,54018,148367,93102,53331
,,,,8262,68442,28490,41099,53376,91156,54018,148367,93102,53331
,,,,8263,68442,28490,41099,53376,91156,54018,148367,93102,53331
,,,,8264,68442,28490,41099,53376,91156,54018,148367,93102,53331
,,,,8265,68442,28490,41099,53376,91156,54018,148367,93102,53331
,,,,8266,68442,28490,41099,53376,91156,54018,148367,93102,53331
,,,,8267,68442,28490,41099,53376,91156,54018,148367,93102,53331
,,,,8268,68442,28490,41099,53376,91156,54018,148367,93102,53331
,,,,8269,68442,28490,41099,53376,91156,54018,148367,93102,53331
,,,,8270,68442,28490,41099,53376,91156,54018,148367,93102,53331
,,,,8271,68442,28490,41099,53376,91156,54018,148367,93102,53331
,,,,8272,68442,28490,41099,53376,91156,54018,148367,93102,53331
,,,,8273,68442,28490,41099,53376,91156,54018,148367,93102,53331
,,,,8274,68442,28490,41099,53376,91156,54018,148367,93102,53331
,,,,8275,68442,28490,41099,53376,91156,54018,148367,93102,53331
,,,,8276,68442,28490,41099,53376,91156,54018,148367,93102,53331
,,,,8277,68442,28490,41099,53376,91156,54018,148367,93102,53331
,,,,8278,68442,28490,41099,53376,91156,54018,148367,93102,53331
,,,,8279,68442,28490,41099,53376,91156,54018,148367,93102,53331
,,,,8280,68442,28490,41099,53376,91156,54018,148367,93102,53331
,,,,8281,68442,28490,41099,53376,91156,54018,148367,93102,53331
,,,,8282,68442,28490,41099,53376,91156,54018,148367,93102,53331
,,,,8283,68442,28490,41099,53376,91156,54018,148367,93102,53331
,,,,8284,68442,28490,41099,53376,91156,54018,148367,93102,53331
,,,,8285,68442,28490,41099,53376,91156,54018,148367,93102,53331
,,,,8286,68442,28490,41099,53376,91156,54018,148367,93102,53331
,,,,8287,68442,28490,41099,53376,91156,54018,148367,93102,53331
,,,,8288,68442,28490,41099,53376,91156,54018,148367,93102,53331
,,,,8289,68442,28490,41099,53376,91156,54018,148367,93102,53331
,,,,8290,68442,28490,41099,53376,91156,54018,148367,93102,53331
,,,,8291,68442,28490,41099,53376,91156,54018,148367,93102,53331
,,,,8292,68442,28490,41099,53376,91156,54018,148367,93102,53331
,,,,8293,68442,28490,41099,53376,91156,54018,148367,93102,53331
,,,,8294,68442,28490,41099,53376,91156,54018,148367,93102,53331
,,,,8295,68442,28490,41099,53376,91156,54018,148367,93102,53331
,,,,8296,68442,28490,41099,53376,91156,54018,148367,93102,53331
,,,,8297,68442,28490,41099,53376,91156,54018,148367,93102,53331
,,,,8298,68442,28490,41099,53376,91156,54018,148367,93102,53331
,,,,8299,68442,28490,41099,53376,91156,54018,148367,93102,53331
,,,,8300,68442,28490,41099,53376,91156,54018,148367,93102,53331
,,,,8301,68442,28490,41099,53376,91156,54018,148367,93102,53331
,,,,8302,68442,28490,41099,53376,91156,54018,148367,93102,53331
,,,,8303,68442,28490,41099,53376,91156,54018,148367,93102,53331
,,,,8304,68442,28490,41099,53376,91156,54018,148367,93102,53331
,,,,8305,68442,28490,41099,53376,91156,54018,148367,93102,53331
,,,,8306,68442,28490,41099,53376,91156,54018,148367,93102,53331
,,,,8307,68442,28490,41099,53376,91156,54018,148367,93102,53331
,,,,8308,68442,28490,41099,53376,91156,54018,148367,93102,53331
,,,,8309,68442,28490,41099,53376,91156,54018,148367,93102,53331
,,,,8310,68442,28490,41099,53376,91156,54018,148367,93102,53331
,,,,8311,68442,28490,41099,53376,91156,54018,148367,93102,53331
,,,,8312,68442,28490,41099,53376,91156,54018,148367,93102,53331
,,,,8313,68442,28490,41099,53376,91156,54018,148367,93102,53331
,,,,8314,68442,28490,41099,53376,91156,54018,148367,93102,53331
,,,,8315,68442,28490,41099,53376,91156,54018,148367,93102,53331
,,,,8316,68442,28490,41099,53376,91156,54018,148367,93102,53331
,,,,8317,68442,28490,41099,53376,91156,54018,148367,93102,53331
,,,,8318,68442,28490,41099,53376,91156,54018,148367,93102,53331
,,,,8319,68442,28490,41099,53376,91156,54018,148367,93102,53331
,,,,8320,68442,28490,41099,53376,91156,54018,148367,93102,53331
,,,,8321,68442,28490,41099,53376,91156,54018,148367,93102,53331
,,,,8322,68442,28490,41099,53376,91156,54018,148367,93102,53331
,,,,8323,68442,28490,41099,53376,91156,54018,148367,93102,53331
,,,,8324,68442,28490,41099,53376,91156,54018,148367,93102,53331
,,,,8325,68442,28490,41099,53376,91156,54018,148367,93102,53331
,,,,8326,68442,28490,41099,53376,91156,54018,148367,93102,53331
,,,,8327,68442,28490,41099,53376,91156,54018,148367,93102,53331
,,,,8328,68442,28490,41099,53376,91156,54018,148367,93102,53331
,,,,8329,68442,28490,41099,53376,91156,54018,148367,93102,53331
,,,,8330,68442,28490,41099,53376,91156,54018,148367,93102,53331
,,,,8331,68442,28490,41099,53376,91156,54018,148367,93102,53331
,,,,8332,68442,28490,41099,53376,91156,54018,148367,93102,53331
,,,,8333,68442,28490,41099,53376,91156,54018,148367,93102,53331
,,,,8334,68442,28490,41099,53376,91156,54018,148367,93102,53331
,,,,8335,68442,28490,41099,53376,91156,54018,148367,93102,53331
,,,,8336,68442,28490,41099,53376,91156,54018,148367,93102,53331
,,,,8337,68442,28490,41099,53376,91156,54018,148367,93102,53331
,,,,8338,68442,28490,41099,53376,91156,54018,148367,93102,53331
,,,,8339,68442,28490,41099,53376,91156,54018,148367,93102,53331
,,,,8340,68442,28490,41099,53376,91156,54018,148367,93102,53331
,,,,8341,68442,28490,41099,53376,91156,54018,148367,93102,53331
,,,,8342,68442,28490,41099,53376,91156,54018,148367,93102,53331
,,,,8343,68442,28490,41099,53376,91156,54018,148367,93102,53331
,,,,8344,68442,28490,41099,53376,91156,54018,148367,93102,53331
,,,,8345,68442,28490,41099,53376,91156,54018,148367,93102,53331
,,,,8346,68442,28490,41099,53376,91156,54018,148367,93102,53331
,,,,8347,68442,28490,41099,53376,91156,54018,148367,93102,53331
,,,,8348,68442,28490,41099,53376,91156,54018,148367,93102,53331
,,,,8349,68442,28490,41099,53376,91156,54018,148367,93102,53331
,,,,8350,68442,28490,41099,53376,91156,54018,148367,93102,53331
,,,,8351,68442,28490,41099,53376,91156,54018,148367,93102,53331
,,,,8352,68442,28490,41099,53376,91156,54018,148367,93102,53331
,,,,8353,68442,28490,41099,53376,91156,54018,148367,93102,53331
,,,,8354,68442,28490,41099,53376,91156,54018,148367,93102,53331
,,,,8355,68442,28490,41099,53376,91156,54018,148367,93102,53331
,,,,8356,68442,28490,41099,53376,91156,54018,148367,93102,53331
,,,,8357,68442,28490,41099,53376,91156,54018,148367,93102,53331
,,,,8358,68442,28490,41099,53376,91156,54018,148367,93102,53331
,,,,8359,68442,28490,41099,53376,91156,54018,148367,93102,53331
,,,,8360,68442,28490,41099,53376,91156,54018,148367,93102,53331
,,,,8361,68442,28490,41099,53376,91156,54018,148367,93102,53331
,,,,8362,68442,28490,41099,53376,91156,54018,148367,93102,53331
,,,,8363,68442,28490,41099,53376,91156,54018,148367,93102,53331
,,,,8364,68442,28490,41099,53376,91156,54018,148367,93102,53331
,,,,8365,68442,28490,41099,53376,91156,54018,148367,93102,53331
,,,,8366,68442,28490,41099,53376,91156,54018,148367,93102,53331
,,,,8367,68442,28490,41099,53376,91156,54018,148367,93102,53331
,,,,8368,68442,28490,41099,53376,91156,54018,148367,93102,53331
,,,,8369,68442,28490,41099,53376,91156,54018,148367,93102,53331
,,,,8370,68442,28490,41099,53376,91156,54018,148367,93102,53331
,,,,8371,68442,28490,41099,53376,91156,54018,148367,93102,53331
,,,,8372,68442,28490,41099,53376,91156,54018,148367,93102,53331
,,,,8373,68442,28490,41099,53376,91156,54018,148367,93102,53331
,,,,8374,68442,28490,41099,53376,91156,54018,148367,93102,53331
,,,,8375,68442,28490,41099,53376,91156,54018,148367,93102,53331
,,,,8376,68442,28490,41099,53376,91156,54018,148367,93102,53331
,,,,8377,68442,28490,41099,53376,91156,54018,148367,93102,53331
,,,,8378,68442,28490,41099,53376,91156,54018,148367,93102,53331
,,,,8379,68442,28490,41099,53376,91156,54018,148367,93102,53331
,,,,8380,68442,28490,41099,53376,91156,54018,148367,93102,53331
,,,,8381,68442,28490,41099,53376,91156,54018,148367,93102,53331
,,,,8382,68442,28490,41099,53376,91156,54018,148367,93102,53331
,,,,8383,68442,28490,41099,53376,91156,54018,148367,93102,53331
,,,,8384,68442,28490,41099,53376,91156,54018,148367,93102,53331
,,,,8385,68442,28490,41099,53376,91156,54018,148367,93102,53331
,,,,8386,68442,28490,41099,53376,91156,54018,148367,93102,53331
,,,,8387,68442,28490,41099,53376,91156,54018,148367,93102,53331
,,,,8388,68442,28490,41099,53376,91156,54018,148367,93102,53331
,,,,8389,68442,28490,41099,53376,91156,54018,148367,93102,53331
,,,,8390,68442,28490,41099,53376,91156,54018,148367,93102,53331
,,,,8391,68442,28490,41099,53376,91156,54018,148367,93102,53331
,,,,8392,68442,28490,41099,53376,91156,54018,148367,93102,53331
,,,,8393,68442,28490,41099,53376,91156,54018,148367,93102,53331
,,,,8394,68442,28490,41099,53376,91156,54018,148367,93102,53331
,,,,8395,68442,28490,41099,53376,91156,54018,148367,93102,53331
,,,,8396,68442,28490,41099,53376,91156,54018,148367,93102,53331
,,,,8397,68442,28490,41099,53376,91156,54018,148367,93102,53331
,,,,8398,68442,28490,41099,53376,91156,54018,148367,93102,53331
,,,,8399,68442,28490,41099,53376,91156,54018,148367,93102,53331
,,,,8400,68442,28490,41099,53376,91156,54018,148367,93102,53331
,,,,8401,68442,28490,41099,53376,91156,54018,148367,93102,53331
,,,,8402,68442,28490,41099,53376,91156,54018,148367,93102,53331
,,,,8403,68442,28490,41099,53376,91156,54018,148367,93102,53331
,,,,8404,68442,28490,41099,53376,91156,54018,148367,93102,53331
,,,,8405,68442,28490,41099,53376,91156,54018,148367,93102,53331
,,,,8406,68442,28490,41099,53376,91156,54018,148367,93102,53331
,,,,8407,68442,28490,41099,53376,91156,54018,148367,93102,53331
,,,,8408,68442,28490,41099,53376,91156,54018,148367,93102,53331
,,,,8409,68442,28490,41099,53376,91156,54018,148367,93102,53331
,,,,8410,68442,28490,41099,53376,91156,54018,148367,93102,53331
,,,,8411,68442,28490,41099,53376,91156,54018,148367,93102,53331
,,,,8412,68442,28490,41099,53376,91156,54018,148367,93102,53331
,,,,8413,68442,28490,41099,53376,91156,54018,148367,93102,53331
,,,,8414,68442,28490,41099,53376,91156,54018,148367,93102,53331
,,,,8415,68442,28490,41099,53376,91156,54018,148367,93102,53331
,,,,8416,68442,28490,41099,53376,91156,54018,148367,93102,53331
,,,,8417,68442,28490,41099,53376,91156,54018,148367,93102,53331
,,,,8418,68442,28490,41099,53376,91156,54018,148367,93102,53331
,,,,8419,68442,28490,41099,53376,91156,54018,148367,93102,53331
,,,,8420,68442,28490,41099,53376,91156,54018,148367,93102,53331
,,,,8421,68442,28490,41099,53376,91156,54018,148367,93102,53331
,,,,8422,68442,28490,41099,53376,91156,54018,148367,93102,53331
,,,,8423,68442,28490,41099,53376,91156,54018,148367,93102,53331
,,,,8424,68442,28490,41099,53376,91156,54018,148367,93102,53331
,,,,8425,68442,28490,41099,53376,91156,54018,148367,93102,53331
,,,,8426,68442,28490,41099,53376,91156,54018,148367,93102,53331
,,,,8427,68442,28490,41099,53376,91156,54018,148367,93102,53331
,,,,8428,68442,28490,41099,53376,91156,54018,148367,93102,53331
,,,,8429,68442,28490,41099,53376,91156,54018,148367,93102,53331
,,,,8430,68442,28490,41099,53376,91156,54018,148367,93102,53331
,,,,8431,68442,28490,41099,53376,91156,54018,148367,93102,53331
,,,,8432,68442,28490,41099,53376,91156,54018,148367,93102,53331
,,,,8433,68442,28490,41099,53376,91156,54018,148367,93102,53331
,,,,8434,68442,28490,41099,53376,91156,54018,148367,93102,53331
,,,,8435,68442,28490,41099,53376,91156,54018,148367,93102,53331
,,,,8436,68442,28490,41099,53376,91156,54018,148367,93102,53331
,,,,8437,68442,28490,41099,53376,91156,54018,148367,93102,53331
,,,,8438,68442,28490,41099,53376,91156,54018,148367,93102,53331
,,,,8439,68442,28490,41099,53376,91156,54018,148367,93102,53331
,,,,8440,68442,28490,41099,53376,91156,54018,148367,93102,53331
,,,,8441,68442,28490,41099,53376,91156,54018,148367,93102,53331
,,,,8442,68442,28490,41099,53376,91156,54018,148367,93102,53331
,,,,8443,68442,28490,41099,53376,91156,54018,148367,93102,53331
,,,,8444,68442,28490,41099,53376,91156,54018,148367,93102,53331
,,,,8445,68442,28490,41099,53376,91156,54018,148367,93102,53331
,,,,8446,68442,28490,41099,53376,91156,54018,148367,93102,53331
,,,,8447,68442,28490,41099,53376,91156,54018,148367,93102,53331
,,,,8448,68442,28490,41099,53376,91156,54018,148367,93102,53331
,,,,8449,68442,28490,41099,53376,91156,54018,148367,93102,53331
,,,,8450,68442,28490,41099,53376,91156,54018,148367,93102,53331
,,,,8451,68442,28490,41099,53376,91156,54018,148367,93102,53331
,,,,8452,68442,28490,41099,53376,91156,54018,148367,93102,53331
,,,,8453,68442,28490,41099,53376,91156,54018,148367,93102,53331
,,,,8454,68442,28490,41099,53376,91156,54018,148367,93102,53331
,,,,8455,68442,28490,41099,53376,91156,54018,148367,93102,53331
,,,,8456,68442,28490,41099,53376,91156,54018,148367,93102,53331
,,,,8457,68442,28490,41099,53376,91156,54018,148367,93102,53331
,,,,8458,68442,28490,41099,53376,91156,54018,148367,93102,53331
,,,,8459,68442,28490,41099,53376,91156,54018,148367,93102,53331
,,,,8460,68442,28490,41099,53376,91156,54018,148367,93102,53331
,,,,8461,68442,28490,41099,53376,91156,54018,148367,93102,53331
,,,,8462,68442,28490,41099,53376,91156,54018,148367,93102,53331
,,,,8463,68442,28490,41099,53376,91156,54018,148367,93102,53331
,,,,8464,68442,28490,41099,53376,91156,54018,148367,93102,53331
,,,,8465,68442,28490,41099,53376,91156,54018,148367,93102,53331
,,,,8466,68442,28490,41099,53376,91156,54018,148367,93102,53331
,,,,8467,68442,28490,41099,53376,91156,54018,148367,93102,53331
,,,,8468,68442,28490,41099,53376,91156,54018,148367,93102,53331
,,,,8469,68442,28490,41099,53376,91156,54018,148367,93102,53331
,,,,8470,68442,28490,41099,53376,91156,54018,148367,93102,53331
,,,,8471,68442,28490,41099,53376,91156,54018,148367,93102,53331
,,,,8472,68442,28490,41099,53376,91156,54018,148367,93102,53331
,,,,8473,68442,28490,41099,53376,91156,54018,148367,93102,53331
,,,,8474,68442,28490,41099,53376,91156,54018,148367,93102,53331
,,,,8475,68442,28490,41099,53376,91156,54018,148367,93102,53331
,,,,8476,68442,28490,41099,53376,91156,54018,148367,93102,53331
,,,,8477,68442,28490,41099,53376,91156,54018,148367,93102,53331
,,,,8478,68442,28490,41099,53376,91156,54018,148367,93102,53331
,,,,8479,68442,28490,41099,53376,91156,54018,148367,93102,53331
,,,,8480,68442,28490,41099,53376,91156,54018,148367,93102,53331
,,,,8481,68442,28490,41099,53376,91156,54018,148367,93102,53331
,,,,8482,68442,28490,41099,53376,91156,54018,148367,93102,53331
,,,,8483,68442,28490,41099,53376,91156,54018,148367,93102,53331
,,,,8484,68442,28490,41099,53376,91156,54018,148367,93102,53331
,,,,8485,68442,28490,41099,53376,91156,54018,148367,93102,53331
,,,,8486,68442,28490,41099,53376,91156,54018,148367,93102,53331
,,,,8487,68442,28490,41099,53376,91156,54018,148367,93102,53331
,,,,8488,68442,28490,41099,53376,91156,54018,148367,93102,53331
,,,,8489,68442,28490,41099,53376,91156,54018,148367,93102,53331
,,,,8490,68442,28490,41099,53376,91156,54018,148367,93102,53331
,,,,8491,68442,28490,41099,53376,91156,54018,148367,93102,53331
,,,,8492,68442,28490,41099,53376,91156,54018,148367,93102,53331
,,,,8493,68442,28490,41099,53376,91156,54018,148367,93102,53331
,,,,8494,68442,28490,41099,53376,91156,54018,148367,93102,53331
,,,,8495,68442,28490,41099,53376,91156,54018,148367,93102,53331
,,,,8496,68442,28490,41099,53376,91156,54018,148367,93102,53331
,,,,8497,68442,28490,41099,53376,91156,54018,148367,93102,53331
,,,,8498,68442,28490,41099,53376,91156,54018,148367,93102,53331
,,,,8499,68442,28490,41099,53376,91156,54018,148367,93102,53331
,,,,8500,68442,28490,41099,53376,91156,54018,148367,93102,53331
,,,,8501,68442,28490,41099,53376,91156,54018,148367,93102,53331
,,,,8502,68442,28490,41099,53376,91156,54018,148367,93102,53331
,,,,8503,68442,28490,41099,53376,91156,54018,148367,93102,53331
,,,,8504,68442,28490,41099,53376,91156,54018,148367,93102,53331
,,,,8505,68442,28490,41099,53376,91156,54018,148367,93102,53331
,,,,8506,68442,28490,41099,53376,91156,54018,148367,93102,53331
,,,,8507,68442,28490,41099,53376,91156,54018,148367,93102,53331
,,,,8508,68442,28490,41099,53376,91156,54018,148367,93102,53331
,,,,8509,68442,28490,41099,53376,91156,54018,148367,93102,53331
,,,,8510,68442,28490,41099,53376,91156,54018,148367,93102,53331
,,,,8511,68442,28490,41099,53376,91156,54018,148367,93102,53331
,,,,8512,68442,28490,41099,53376,91156,54018,148367,93102,53331
,,,,8513,68442,28490,41099,53376,91156,54018,148367,93102,53331
,,,,8514,68442,28490,41099,53376,91156,54018,148367,93102,53331
,,,,8515,68442,28490,41099,53376,91156,54018,148367,93102,53331
,,,,8516,68442,28490,41099,53376,91156,54018,148367,93102,53331
,,,,8517,68442,28490,41099,53376,91156,54018,148367,93102,53331
,,,,8518,68442,28490,41099,53376,91156,54018,148367,93102,53331
,,,,8519,68442,28490,41099,53376,91156,54018,148367,93102,53331
,,,,8520,68442,28490,41099,53376,91156,54018,148367,93102,53331
,,,,8521,68442,28490,41099,53376,91156,54018,148367,93102,53331
,,,,8522,68442,28490,41099,53376,91156,54018,148367,93102,53331
,,,,8523,68442,28490,41099,53376,91156,54018,148367,93102,53331
,,,,8524,68442,28490,41099,53376,91156,54018,148367,93102,53331
,,,,8525,68442,28490,41099,53376,91156,54018,148367,93102,53331
,,,,8526,68442,28490,41099,53376,91156,54018,148367,93102,53331
,,,,8527,68442,28490,41099,53376,91156,54018,148367,93102,53331
,,,,8528,68442,28490,41099,53376,91156,54018,148367,93102,53331
,,,,8529,68442,28490,41099,53376,91156,54018,148367,93102,53331
,,,,8530,68442,28490,41099,53376,91156,54018,148367,93102,53331
,,,,8531,68442,28490,41099,53376,91156,54018,148367,93102,53331
,,,,8532,68442,28490,41099,53376,91156,54018,148367,93102,53331
,,,,8533,68442,28490,41099,53376,91156,54018,148367,93102,53331
,,,,8534,68442,28490,41099,53376,91156,54018,148367,93102,53331
,,,,8535,68442,28490,41099,53376,91156,54018,148367,93102,53331
,,,,8536,68442,28490,41099,53376,91156,54018,148367,93102,53331
,,,,8537,68442,28490,41099,53376,91156,54018,148367,93102,53331
,,,,8538,68442,28490,41099,53376,91156,54018,148367,93102,53331
,,,,8539,68442,28490,41099,53376,91156,54018,148367,93102,53331
,,,,8540,68442,28490,41099,53376,91156,54018,148367,93102,53331
,,,,8541,68442,28490,41099,53376,91156,54018,148367,93102,53331
,,,,8542,68442,28490,41099,53376,91156,54018,148367,93102,53331
,,,,8543,68442,28490,41099,53376,91156,54018,148367,93102,53331
,,,,8544,68442,28490,41099,53376,91156,54018,148367,93102,53331
,,,,8545,68442,28490,41099,53376,91156,54018,148367,93102,53331
,,,,8546,68442,28490,41099,53376,91156,54018,148367,93102,53331
,,,,8547,68442,28490,41099,53376,91156,54018,148367,93102,53331
,,,,8548,68442,28490,41099,53376,91156,54018,148367,93102,53331
,,,,8549,68442,28490,41099,53376,91156,54018,148367,93102,53331
,,,,8550,68442,28490,41099,53376,91156,54018,148367,93102,53331
,,,,8551,68442,28490,41099,53376,91156,54018,148367,93102,53331
,,,,8552,68442,28490,41099,53376,91156,54018,148367,93102,53331
,,,,8553,68442,28490,41099,53376,91156,54018,148367,93102,53331
,,,,8554,68442,28490,41099,53376,91156,54018,148367,93102,53331
,,,,8555,68442,28490,41099,53376,91156,54018,148367,93102,53331
,,,,8556,68442,28490,41099,53376,91156,54018,148367,93102,53331
,,,,8557,68442,28490,41099,53376,91156,54018,148367,93102,53331
,,,,8558,68442,28490,41099,53376,91156,54018,148367,93102,53331
,,,,8559,68442,28490,41099,53376,91156,54018,148367,93102,53331
,,,,8560,68442,28490,41099,53376,91156,54018,148367,93102,53331
,,,,8561,68442,28490,41099,53376,91156,54018,148367,93102,53331
,,,,8562,68442,28490,41099,53376,91156,54018,148367,93102,53331
,,,,8563,68442,28490,41099,53376,91156,54018,148367,93102,53331
,,,,8564,68442,28490,41099,53376,91156,54018,148367,93102,53331
,,,,8565,68442,28490,41099,53376,91156,54018,148367,93102,53331
,,,,8566,68442,28490,41099,53376,91156,54018,148367,93102,53331
,,,,8567,68442,28490,41099,53376,91156,54018,148367,93102,53331
,,,,8568,68442,28490,41099,53376,91156,54018,148367,93102,53331
,,,,8569,68442,28490,41099,53376,91156,54018,148367,93102,53331
,,,,8570,68442,28490,41099,53376,91156,54018,148367,93102,53331
,,,,8571,68442,28490,41099,53376,91156,54018,148367,93102,53331
,,,,8572,68442,28490,41099,53376,91156,54018,148367,93102,53331
,,,,8573,68442,28490,41099,53376,91156,54018,148367,93102,53331
,,,,8574,68442,28490,41099,53376,91156,54018,148367,93102,53331
,,,,8575,68442,28490,41099,53376,91156,54018,148367,93102,53331
,,,,8576,68442,28490,41099,53376,91156,54018,148367,93102,53331
,,,,8577,68442,28490,41099,53376,91156,54018,148367,93102,53331
,,,,8578,68442,28490,41099,53376,91156,54018,148367,93102,53331
,,,,8579,68442,28490,41099,53376,91156,54018,148367,93102,53331
,,,,8580,68442,28490,41099,53376,91156,54018,148367,93102,53331
,,,,8581,68442,28490,41099,53376,91156,54018,148367,93102,53331
,,,,8582,68442,28490,41099,53376,91156,54018,148367,93102,53331
,,,,8583,68442,28490,41099,53376,91156,54018,148367,93102,53331
,,,,8584,68442,28490,41099,53376,91156,54018,148367,93102,53331
,,,,8585,68442,28490,41099,53376,91156,54018,148367,93102,53331
,,,,8586,68442,28490,41099,53376,91156,54018,148367,93102,53331
,,,,8587,68442,28490,41099,53376,91156,54018,148367,93102,53331
,,,,8588,68442,28490,41099,53376,91156,54018,148367,93102,53331
,,,,8589,68442,28490,41099,53376,91156,54018,148367,93102,53331
,,,,8590,68442,28490,41099,53376,91156,54018,148367,93102,53331
,,,,8591,68442,28490,41099,53376,91156,54018,148367,93102,53331
,,,,8592,68442,28490,41099,53376,91156,54018,148367,93102,53331
,,,,8593,68442,28490,41099,53376,91156,54018,148367,93102,53331
,,,,8594,68442,28490,41099,53376,91156,54018,148367,93102,53331
,,,,8595,68442,28490,41099,53376,91156,54018,148367,93102,53331
,,,,8596,68442,28490,41099,53376,91156,54018,148367,93102,53331
,,,,8597,68442,28490,41099,53376,91156,54018,148367,93102,53331
,,,,8598,68442,28490,41099,53376,91156,54018,148367,93102,53331
,,,,8599,68442,28490,41099,53376,91156,54018,148367,93102,53331
,,,,8600,68442,28490,41099,53376,91156,54018,148367,93102,53331
,,,,8601,68442,28490,41099,53376,91156,54018,148367,93102,53331
,,,,8602,68442,28490,41099,53376,91156,54018,148367,93102,53331
,,,,8603,68442,28490,41099,53376,91156,54018,148367,93102,53331
,,,,8604,68442,28490,41099,53376,91156,54018,148367,93102,53331
,,,,8605,68442,28490,41099,53376,91156,54018,148367,93102,53331
,,,,8606,68442,28490,41099,53376,91156,54018,148367,93102,53331
,,,,8607,68442,28490,41099,53376,91156,54018,148367,93102,53331
,,,,8608,68442,28490,41099,53376,91156,54018,148367,93102,53331
,,,,8609,68442,28490,41099,53376,91156,54018,148367,93102,53331
,,,,8610,68442,28490,41099,53376,91156,54018,148367,93102,53331
,,,,8611,68442,28490,41099,53376,91156,54018,148367,93102,53331
,,,,8612,68442,28490,41099,53376,91156,54018,148367,93102,53331
,,,,8613,68442,28490,41099,53376,91156,54018,148367,93102,53331
,,,,8614,68442,28490,41099,53376,91156,54018,148367,93102,53331
,,,,8615,68442,28490,41099,53376,91156,54018,148367,93102,53331
,,,,8616,68442,28490,41099,53376,91156,54018,148367,93102,53331
,,,,8617,68442,28490,41099,53376,91156,54018,148367,93102,53331
,,,,8618,68442,28490,41099,53376,91156,54018,148367,93102,53331
,,,,8619,68442,28490,41099,53376,91156,54018,148367,93102,53331
,,,,8620,68442,28490,41099,53376,91156,54018,148367,93102,53331
,,,,8621,68442,28490,41099,53376,91156,54018,148367,93102,53331
,,,,8622,68442,28490,41099,53376,91156,54018,148367,93102,53331
,,,,8623,68442,28490,41099,53376,91156,54018,148367,93102,53331
,,,,8624,68442,28490,41099,53376,91156,54018,148367,93102,53331
,,,,8625,68442,28490,41099,53376,91156,54018,148367,93102,53331
,,,,8626,68442,28490,41099,53376,91156,54018,148367,93102,53331
,,,,8627,68442,28490,41099,53376,91156,54018,148367,93102,53331
,,,,8628,68442,28490,41099,53376,91156,54018,148367,93102,53331
,,,,8629,68442,28490,41099,53376,91156,54018,148367,93102,53331
,,,,8630,68442,28490,41099,53376,91156,54018,148367,93102,53331
,,,,8631,68442,28490,41099,53376,91156,54018,148367,93102,53331
,,,,8632,68442,28490,41099,53376,91156,54018,148367,93102,53331
,,,,8633,68442,28490,41099,53376,91156,54018,148367,93102,53331
,,,,8634,68442,28490,41099,53376,91156,54018,148367,93102,53331
,,,,8635,68442,28490,41099,53376,91156,54018,148367,93102,53331
,,,,8636,68442,28490,41099,53376,91156,54018,148367,93102,53331
,,,,8637,68442,28490,41099,53376,91156,54018,148367,93102,53331
,,,,8638,68442,28490,41099,53376,91156,54018,148367,93102,53331
,,,,8639,68442,28490,41099,53376,91156,54018,148367,93102,53331
,,,,8640,68442,28490,41099,53376,91156,54018,148367,93102,53331
,,,,8641,68442,28490,41099,53376,91156,54018,148367,93102,53331
,,,,8642,68442,28490,41099,53376,91156,54018,148367,93102,53331
,,,,8643,68442,28490,41099,53376,91156,54018,148367,93102,53331
,,,,8644,68442,28490,41099,53376,91156,54018,148367,93102,53331
,,,,8645,68442,28490,41099,53376,91156,54018,148367,93102,53331
,,,,8646,68442,28490,41099,53376,91156,54018,148367,93102,53331
,,,,8647,68442,28490,41099,53376,91156,54018,148367,93102,53331
,,,,8648,68442,28490,41099,53376,91156,54018,148367,93102,53331
,,,,8649,68442,28490,41099,53376,91156,54018,148367,93102,53331
,,,,8650,68442,28490,41099,53376,91156,54018,148367,93102,53331
,,,,8651,68442,28490,41099,53376,91156,54018,148367,93102,53331
,,,,8652,68442,28490,41099,53376,91156,54018,148367,93102,53331
,,,,8653,68442,28490,41099,53376,91156,54018,148367,93102,53331
,,,,8654,68442,28490,41099,53376,91156,54018,148367,93102,53331
,,,,8655,68442,28490,41099,53376,91156,54018,148367,93102,53331
,,,,8656,68442,28490,41099,53376,91156,54018,148367,93102,53331
,,,,8657,68442,28490,41099,53376,91156,54018,148367,93102,53331
,,,,8658,68442,28490,41099,53376,91156,54018,148367,93102,53331
,,,,8659,68442,28490,41099,53376,91156,54018,148367,93102,53331
,,,,8660,68442,28490,41099,53376,91156,54018,148367,93102,53331
,,,,8661,68442,28490,41099,53376,91156,54018,148367,93102,53331
,,,,8662,68442,28490,41099,53376,91156,54018,148367,93102,53331
,,,,8663,68442,28490,41099,53376,91156,54018,148367,93102,53331
,,,,8664,68442,28490,41099,53376,91156,54018,148367,93102,53331
,,,,8665,68442,28490,41099,53376,91156,54018,148367,93102,53331
,,,,8666,68442,28490,41099,53376,91156,54018,148367,93102,53331
,,,,8667,68442,28490,41099,53376,91156,54018,148367,93102,53331
,,,,8668,68442,28490,41099,53376,91156,54018,148367,93102,53331
,,,,8669,68442,28490,41099,53376,91156,54018,148367,93102,53331
,,,,8670,68442,28490,41099,53376,91156,54018,148367,93102,53331
,,,,8671,68442,28490,41099,53376,91156,54018,148367,93102,53331
,,,,8672,68442,28490,41099,53376,91156,54018,148367,93102,53331
,,,,8673,68442,28490,41099,53376,91156,54018,148367,93102,53331
,,,,8674,68442,28490,41099,53376,91156,54018,148367,93102,53331
,,,,8675,68442,28490,41099,53376,91156,54018,148367,93102,53331
,,,,8676,68442,28490,41099,53376,91156,54018,148367,93102,53331
,,,,8677,68442,28490,41099,53376,91156,54018,148367,93102,53331
,,,,8678,68442,28490,41099,53376,91156,54018,148367,93102,53331
,,,,8679,68442,28490,41099,53376,91156,54018,148367,93102,53331
,,,,8680,68442,28490,41099,53376,91156,54018,148367,93102,53331
,,,,8681,68442,28490,41099,53376,91156,54018,148367,93102,53331
,,,,8682,68442,28490,41099,53376,91156,54018,148367,93102,53331
,,,,8683,68442,28490,41099,53376,91156,54018,148367,93102,53331
,,,,8684,68442,28490,41099,53376,91156,54018,148367,93102,53331
,,,,8685,68442,28490,41099,53376,91156,54018,148367,93102,53331
,,,,8686,68442,28490,41099,53376,91156,54018,148367,93102,53331
,,,,8687,68442,28490,41099,53376,91156,54018,148367,93102,53331
,,,,8688,68442,28490,41099,53376,91156,54018,148367,93102,53331
,,,,8689,68442,28490,41099,53376,91156,54018,148367,93102,53331
,,,,8690,68442,28490,41099,53376,91156,54018,148367,93102,53331
,,,,8691,68442,28490,41099,53376,91156,54018,148367,93102,53331
,,,,8692,68442,28490,41099,53376,91156,54018,148367,93102,53331
,,,,8693,68442,28490,41099,53376,91156,54018,148367,93102,53331
,,,,8694,68442,28490,41099,53376,91156,54018,148367,93102,53331
,,,,8695,68442,28490,41099,53376,91156,54018,148367,93102,53331
,,,,8696,68442,28490,41099,53376,91156,54018,148367,93102,53331
,,,,8697,68442,28490,41099,53376,91156,54018,148367,93102,53331
,,,,8698,68442,28490,41099,53376,91156,54018,148367,93102,53331
,,,,8699,68442,28490,41099,53376,91156,54018,148367,93102,53331
,,,,8700,68442,28490,41099,53376,91156,54018,148367,93102,53331
,,,,8701,68442,28490,41099,53376,91156,54018,148367,93102,53331
,,,,8702,68442,28490,41099,53376,91156,54018,148367,93102,53331
,,,,8703,68442,28490,41099,53376,91156,54018,148367,93102,53331
,,,,8704,68442,28490,41099,53376,91156,54018,148367,93102,53331
,,,,8705,68442,28490,41099,53376,91156,54018,148367,93102,53331
,,,,8706,68442,28490,41099,53376,91156,54018,148367,93102,53331
,,,,8707,68442,28490,41099,53376,91156,54018,148367,93102,53331
,,,,8708,68442,28490,41099,53376,91156,54018,148367,93102,53331
,,,,8709,68442,28490,41099,53376,91156,54018,148367,93102,53331
,,,,8710,68442,28490,41099,53376,91156,54018,148367,93102,53331
,,,,8711,68442,28490,41099,53376,91156,54018,148367,93102,53331
,,,,8712,68442,28490,41099,53376,91156,54018,148367,93102,53331
,,,,8713,68442,28490,41099,53376,91156,54018,148367,93102,53331
,,,,8714,68442,28490,41099,53376,91156,54018,148367,93102,53331
,,,,8715,68442,28490,41099,53376,91156,54018,148367,93102,53331
,,,,8716,68442,28490,41099,53376,91156,54018,148367,93102,53331
,,,,8717,68442,28490,41099,53376,91156,54018,148367,93102,53331
,,,,8718,68442,28490,41099,53376,91156,54018,148367,93102,53331
,,,,8719,68442,28490,41099,53376,91156,54018,148367,93102,53331
,,,,8720,68442,28490,41099,53376,91156,54018,148367,93102,53331
,,,,8721,68442,28490,41099,53376,91156,54018,148367,93102,53331
,,,,8722,68442,28490,41099,53376,91156,54018,148367,93102,53331
,,,,8723,68442,28490,41099,53376,91156,54018,148367,93102,53331
,,,,8724,68442,28490,41099,53376,91156,54018,148367,93102,53331
,,,,8725,68442,28490,41099,53376,91156,54018,148367,93102,53331
,,,,8726,68442,28490,41099,53376,91156,54018,148367,93102,53331
,,,,8727,68442,28490,41099,53376,91156,54018,148367,93102,53331
,,,,8728,68442,28490,41099,53376,91156,54018,148367,93102,53331
,,,,8729,68442,28490,41099,53376,91156,54018,148367,93102,53331
,,,,8730,68442,28490,41099,53376,91156,54018,148367,93102,53331
,,,,8731,68442,28490,41099,53376,91156,54018,148367,93102,53331
,,,,8732,68442,28490,41099,53376,91156,54018,148367,93102,53331
,,,,8733,68442,28490,41099,53376,91156,54018,148367,93102,53331
,,,,8734,68442,28490,41099,53376,91156,54018,148367,93102,53331
,,,,8735,68442,28490,41099,53376,91156,54018,148367,93102,53331
,,,,8736,68442,28490,41099,53376,91156,54018,148367,93102,53331
,,,,8737,68442,28490,41099,53376,91156,54018,148367,93102,53331
,,,,8738,68442,28490,41099,53376,91156,54018,148367,93102,53331
,,,,8739,68442,28490,41099,53376,91156,54018,148367,93102,53331
,,,,8740,68442,28490,41099,53376,91156,54018,148367,93102,53331
,,,,8741,68442,28490,41099,53376,91156,54018,148367,93102,53331
,,,,8742,68442,28490,41099,53376,91156,54018,148367,93102,53331
,,,,8743,68442,28490,41099,53376,91156,54018,148367,93102,53331
,,,,8744,68442,28490,41099,53376,91156,54018,148367,93102,53331
,,,,8745,68442,28490,41099,53376,91156,54018,148367,93102,53331
,,,,8746,68442,28490,41099,53376,91156,54018,148367,93102,53331
,,,,8747,68442,28490,41099,53376,91156,54018,148367,93102,53331
,,,,8748,68442,28490,41099,53376,91156,54018,148367,93102,53331
,,,,8749,68442,28490,41099,53376,91156,54018,148367,93102,53331
,,,,8750,68442,28490,41099,53376,91156,54018,148367,93102,53331
,,,,8751,68442,28490,41099,53376,91156,54018,148367,93102,53331
,,,,8752,68442,28490,41099,53376,91156,54018,148367,93102,53331
,,,,8753,68442,28490,41099,53376,91156,54018,148367,93102,53331
,,,,8754,68442,28490,41099,53376,91156,54018,148367,93102,53331
,,,,8755,68442,28490,41099,53376,91156,54018,148367,93102,53331
,,,,8756,68442,28490,41099,53376,91156,54018,148367,93102,53331
,,,,8757,68442,28490,41099,53376,91156,54018,148367,93102,53331
,,,,8758,68442,28490,41099,53376,91156,54018,148367,93102,53331
,,,,8759,68442,28490,41099,53376,91156,54018,148367,93102,53331
,,,,8760,68442,28490,41099,53376,91156,54018,148367,93102,53331